00010 0.1088409423828125 0
00081 0.007195711135864258 0
00004 0.03003692626953125 0
00092 0.05520915985107422 0
00019 0.0053899288177490234 0
00016 0.005994081497192383 0
00083 0.012049198150634766 0
00079 0.013379096984863281 0
00001 0.0060710906982421875 0
00058 0.006610870361328125 0
00033 0.0064280033111572266 0
00060 0.007131099700927734 0
00049 0.04989981651306152 0
00095 0.007009983062744141 0
00076 0.011787176132202148 0
00052 0.01049184799194336 0
00067 0.019936084747314453 0
00038 0.007687091827392578 0
00078 0.01349496841430664 0
00056 0.00805807113647461 0
00036 0.008576154708862305 0
00021 0.006134986877441406 0
00000 0.0065288543701171875 0
00030 0.0058443546295166016 0
00088 0.03183484077453613 0
00099 0.08478903770446777 0
00087 0.10721898078918457 0
00022 0.007531881332397461 0
00071 0.006546974182128906 0
00018 0.008077859878540039 0
00026 0.007067203521728516 0
00009 0.009418964385986328 0
00025 0.016577959060668945 0
00043 0.006789207458496094 0
00008 0.2232072353363037 0
00094 0.007109165191650391 0
00044 0.14487886428833008 0
00055 0.005799055099487305 0
00047 0.008013248443603516 0
00024 0.006227016448974609 0
00059 0.006710052490234375 0
00072 0.012006282806396484 0
00097 0.007065773010253906 0
00065 0.0048258304595947266 0
00090 0.007085084915161133 0
00029 0.017649173736572266 0
00080 0.02894306182861328 0
00075 0.013079166412353516 0
00034 0.00595402717590332 0
00007 0.01648688316345215 0
00015 0.007632255554199219 0
00003 0.009752035140991211 0
00066 0.04581499099731445 0
00050 0.007205963134765625 0
00053 0.007050037384033203 0
00068 0.007215261459350586 0
00005 0.004475831985473633 0
00073 0.07723379135131836 0
00089 0.03034496307373047 0
00037 0.0064449310302734375 0
00032 0.005841970443725586 0
00054 0.005980253219604492 0
00061 0.1191110610961914 0
00096 0.006864786148071289 0
00091 0.010385274887084961 0
00002 0.005888938903808594 0
00084 0.0582888126373291 0
00057 0.022619247436523438 0
00082 0.017145156860351562 0
00063 0.0051958560943603516 0
00014 0.00847005844116211 0
00093 0.010359048843383789 0
00045 0.005925178527832031 0
00051 0.011186838150024414 0
00070 0.04625296592712402 0
00098 0.05512881278991699 0
00040 0.006783008575439453 0
00041 0.00743412971496582 0
00013 0.0069010257720947266 0
00017 0.006220102310180664 0
00074 0.013817787170410156 0
00086 0.026274681091308594 0
00064 0.007257699966430664 0
00042 0.006818056106567383 0
00012 0.010794878005981445 0
00006 0.01392984390258789 0
00031 0.006222963333129883 0
00035 0.0060498714447021484 0
00039 0.0059566497802734375 0
00077 0.014716148376464844 0
00069 0.04363083839416504 0
