14988 0.01265716552734375 16
08546 0.03853893280029297 20
00521 0.01930689811706543 25
08000 0.0322110652923584 17
18055 0.021459102630615234 17
48722 0.020377159118652344 19
18349 0.013743162155151367 13
31244 0.014627695083618164 17
42814 0.0701901912689209 21
21020 0.018119335174560547 20
24908 0.044973134994506836 23
30973 0.022908926010131836 20
35158 0.11185598373413086 23
07146 0.01644277572631836 16
00154 0.016160011291503906 19
22069 0.02305889129638672 17
42483 0.03357982635498047 22
01832 0.03185009956359863 21
14103 0.01640772819519043 21
27763 0.01725316047668457 15
46615 0.028186798095703125 23
00163 0.01989293098449707 21
38999 0.016852855682373047 19
00745 0.03749489784240723 16
28273 0.01693105697631836 21
40627 0.015041828155517578 17
36979 0.025519847869873047 22
10000 0.013892889022827148 16
10164 0.022440195083618164 23
22525 0.05920529365539551 25
36053 0.016754150390625 17
05873 0.013882875442504883 15
30675 0.02720499038696289 22
33989 0.09273791313171387 24
20423 0.05256986618041992 21
04523 0.033525943756103516 22
09530 0.05029106140136719 24
33784 0.02931809425354004 20
10352 0.016709089279174805 16
17939 0.04885506629943848 23
25962 0.02687978744506836 17
03095 0.018207073211669922 25
32648 0.03248119354248047 21
23334 0.038986921310424805 21
08561 0.03608298301696777 23
25508 0.04727005958557129 19
14985 0.021121978759765625 20
44271 0.0247499942779541 20
25509 0.055497169494628906 19
28676 0.0881040096282959 22
39939 0.02101898193359375 19
10004 0.02463817596435547 17
31274 0.016517162322998047 17
35524 0.047891855239868164 24
08996 0.022066354751586914 19
40289 0.030978679656982422 17
13650 0.01876091957092285 19
11784 0.02928614616394043 19
15782 0.02514028549194336 17
29832 0.01768016815185547 24
14978 0.015064239501953125 17
19463 0.033296823501586914 24
05333 0.015269279479980469 15
24269 0.02332782745361328 21
21883 0.03495597839355469 22
18991 0.02181220054626465 20
44772 0.022825002670288086 19
12063 0.02162313461303711 23
32025 0.03706002235412598 23
32956 0.0732719898223877 26
36113 0.0276339054107666 21
09409 0.022739171981811523 19
02116 0.024551868438720703 23
20401 0.01901698112487793 21
03986 0.03350186347961426 19
02302 0.015585184097290039 18
05795 0.04275012016296387 20
22922 0.02773284912109375 17
29163 0.047489166259765625 19
49143 0.07859992980957031 23
48432 0.028521060943603516 17
29452 0.04669904708862305 21
23427 0.03937482833862305 22
26695 0.022727012634277344 17
01013 0.028360843658447266 19
20660 0.031286001205444336 17
16528 0.016674041748046875 20
44348 0.033699750900268555 20
13649 0.02015209197998047 20
23848 0.015340089797973633 17
09344 0.04171109199523926 23
46131 0.025413036346435547 18
16268 0.036440134048461914 22
20931 0.023741960525512695 15
32622 0.027180194854736328 20
38122 0.026161909103393555 17
20427 0.018134117126464844 19
41195 0.02930593490600586 22
45626 0.027397871017456055 19
44369 0.01842498779296875 21
18940 0.02166604995727539 16
33851 0.014834880828857422 14
41773 0.017731189727783203 17
29849 0.03007793426513672 20
31462 0.031171083450317383 16
12019 0.04621410369873047 20
16752 0.013953924179077148 15
26787 0.023890256881713867 15
16906 0.014003753662109375 17
40634 0.015961885452270508 17
18008 0.022897720336914062 17
46703 0.02759385108947754 24
34066 0.11242079734802246 23
31478 0.04021716117858887 29
07922 0.037110090255737305 22
08004 0.023664236068725586 15
32080 0.04133296012878418 15
24351 0.020875930786132812 16
39281 0.03341317176818848 13
37538 0.05952715873718262 21
18692 0.028084993362426758 19
47703 0.03991818428039551 17
19717 0.013576984405517578 17
04417 0.01864480972290039 19
41039 0.01838517189025879 17
07815 0.04140591621398926 22
27827 0.017603158950805664 19
25693 0.029416799545288086 17
12758 0.017616748809814453 25
25312 0.01464700698852539 15
07548 0.03719520568847656 26
23594 0.024895906448364258 17
24951 0.023112058639526367 17
22122 0.028319835662841797 17
22325 0.02065420150756836 13
27123 0.017110109329223633 15
01602 0.05512189865112305 25
12721 0.03147482872009277 17
46656 0.01536107063293457 18
39516 0.022992849349975586 19
17627 0.014623880386352539 16
27131 0.052068233489990234 22
17842 0.01893901824951172 23
07701 0.019841909408569336 17
42871 0.022623062133789062 23
19487 0.027187824249267578 16
21334 0.022825956344604492 18
47851 0.014425992965698242 16
49133 0.025331974029541016 17
03733 0.016247987747192383 19
18612 0.026158809661865234 23
26531 0.02801203727722168 22
32918 0.04021620750427246 21
44167 0.01710224151611328 20
43173 0.016891002655029297 19
22085 0.01683211326599121 20
37737 0.013254880905151367 14
18010 0.025804996490478516 21
10537 0.016273975372314453 16
46272 0.016962051391601562 17
48166 0.03654813766479492 19
45826 0.016991138458251953 18
23399 0.026634931564331055 18
27775 0.01635289192199707 17
31017 0.015440940856933594 17
26928 0.015478849411010742 13
03748 0.0232999324798584 18
12077 0.019463062286376953 19
03422 0.024663686752319336 21
07468 0.03549003601074219 19
03722 0.017568111419677734 16
24163 0.0172269344329834 15
01356 0.033944129943847656 22
06149 0.03239703178405762 20
13926 0.042362213134765625 21
14348 0.028896808624267578 23
40355 0.03982067108154297 17
13851 0.03816485404968262 26
28894 0.03827786445617676 25
24710 0.013880014419555664 16
41017 0.03166627883911133 22
19045 0.018856287002563477 17
41158 0.01819014549255371 15
09379 0.024778127670288086 19
46919 0.03282499313354492 15
47280 0.01751995086669922 19
45574 0.025199174880981445 20
42534 0.017792940139770508 20
31525 0.023187875747680664 24
37811 0.028424978256225586 21
36786 0.04084014892578125 23
14375 0.02684783935546875 21
07727 0.018439054489135742 19
45240 0.016402006149291992 19
15259 0.031334877014160156 18
46312 0.025691747665405273 19
35873 0.023159027099609375 23
43408 0.03251004219055176 24
26788 0.023280858993530273 15
19784 0.0314178466796875 21
11090 0.021071910858154297 25
36922 0.01949787139892578 13
34064 0.016611099243164062 19
16224 0.02803492546081543 22
17924 0.040506839752197266 21
11969 0.017365217208862305 19
33402 0.017180919647216797 20
27817 0.05053400993347168 21
06423 0.029356002807617188 17
01445 0.03042006492614746 23
09272 0.02020406723022461 13
41090 0.01555776596069336 19
30376 0.01870107650756836 20
06109 0.023465871810913086 21
41803 0.044303178787231445 26
27253 0.041110992431640625 14
42899 0.015330791473388672 17
20504 0.02680492401123047 23
42608 0.05124306678771973 25
14853 0.03283190727233887 22
33780 0.04759478569030762 20
03207 0.03435492515563965 20
39153 0.02644801139831543 19
15340 0.05243396759033203 21
10085 0.022279024124145508 17
42287 0.03798079490661621 23
08234 0.014475107192993164 20
23722 0.01657390594482422 15
40477 0.01681208610534668 19
13799 0.020574092864990234 25
11958 0.01884174346923828 21
44314 0.016460895538330078 18
25517 0.030992984771728516 21
17968 0.025764942169189453 21
17600 0.03093409538269043 20
09901 0.022678136825561523 17
48824 0.020582199096679688 17
38679 0.026312828063964844 19
09273 0.02032184600830078 13
35013 0.02726578712463379 17
32459 0.022061824798583984 19
34620 0.0362699031829834 23
36581 0.013789176940917969 14
23915 0.012845754623413086 15
14300 0.016556978225708008 17
32008 0.03970909118652344 15
23245 0.02529621124267578 21
22338 0.025428056716918945 26
19144 0.016239166259765625 17
39671 0.029288768768310547 18
33905 0.019704818725585938 19
23766 0.0234832763671875 19
02378 0.09280800819396973 22
44958 0.03144693374633789 17
23241 0.02278614044189453 21
41352 0.01591777801513672 15
15824 0.01699995994567871 17
30356 0.014001846313476562 15
09114 0.036836862564086914 21
18426 0.020141124725341797 25
05384 0.022625207901000977 15
00125 0.015804767608642578 17
21331 0.02274298667907715 24
07675 0.019661903381347656 16
03827 0.022542953491210938 24
44303 0.016709327697753906 18
33208 0.025964021682739258 16
46820 0.029917001724243164 15
32307 0.021494626998901367 15
38018 0.018461942672729492 19
25129 0.014841079711914062 16
45643 0.02259993553161621 21
06419 0.02169203758239746 15
30816 0.025488853454589844 19
30189 0.021689176559448242 18
29457 0.017264842987060547 20
08054 0.031213998794555664 21
08120 0.016649961471557617 20
26894 0.02879500389099121 19
11401 0.016504764556884766 16
43853 0.05843496322631836 20
08857 0.031871795654296875 15
32779 0.02227306365966797 21
13016 0.023975133895874023 20
05259 0.01784801483154297 19
19645 0.08986425399780273 22
17752 0.015594959259033203 17
27237 0.02697920799255371 21
19993 0.018374204635620117 22
33267 0.014286279678344727 13
18942 0.02041769027709961 16
32054 0.026100873947143555 17
10565 0.02374410629272461 22
43284 0.031145095825195312 23
16955 0.02467823028564453 15
28492 0.03720235824584961 17
17458 0.02207469940185547 15
41523 0.027615070343017578 21
21450 0.066986083984375 25
44594 0.020361900329589844 17
21611 0.04196023941040039 21
19631 0.026849985122680664 15
39408 0.014657020568847656 17
02548 0.03131389617919922 19
32546 0.028635025024414062 16
22081 0.031035900115966797 15
11228 0.017370939254760742 17
09841 0.04820394515991211 25
45851 0.030019760131835938 18
00331 0.03904008865356445 23
09657 0.05236411094665527 28
03517 0.01730799674987793 22
11113 0.019984960556030273 21
28330 0.04994678497314453 24
24747 0.021865129470825195 25
40112 0.01729893684387207 20
10232 0.03300786018371582 21
11034 0.019009113311767578 19
23937 0.02134990692138672 26
27791 0.03496909141540527 19
06786 0.021759986877441406 19
16486 0.023594141006469727 19
23635 0.055167198181152344 21
34705 0.029703855514526367 21
25886 0.04381418228149414 21
06523 0.03231477737426758 22
44377 0.02783203125 24
46888 0.018020153045654297 19
25120 0.016170024871826172 20
09508 0.034837961196899414 23
28440 0.031744956970214844 21
41420 0.016632080078125 17
09104 0.03401923179626465 17
36846 0.08055901527404785 21
28745 0.054486751556396484 13
22553 0.028847694396972656 18
19701 0.06500720977783203 21
00842 0.02988886833190918 22
06869 0.05547595024108887 21
47491 0.024623870849609375 22
10512 0.014874935150146484 16
01688 0.01622796058654785 16
18504 0.028485774993896484 23
17400 0.03912997245788574 21
19718 0.015172958374023438 17
08072 0.025085926055908203 21
40601 0.05405306816101074 21
09334 0.027777910232543945 14
01600 0.01831984519958496 18
21517 0.024338245391845703 21
34876 0.0245819091796875 19
09988 0.025227069854736328 20
39938 0.01803898811340332 20
34062 0.023677825927734375 15
46042 0.023562908172607422 19
01019 0.01803278923034668 17
42293 0.09995174407958984 30
22369 0.01769232749938965 18
42873 0.02371382713317871 20
19703 0.029703855514526367 19
25057 0.020373821258544922 20
48165 0.015952348709106445 17
16210 0.04914116859436035 18
43966 0.02881002426147461 18
13711 0.023288249969482422 13
04641 0.020112037658691406 17
20463 0.01718616485595703 20
30717 0.06735682487487793 21
15969 0.03272104263305664 20
32509 0.015613079071044922 19
45237 0.016577959060668945 17
28525 0.02545905113220215 17
00940 0.027621746063232422 17
07331 0.030432939529418945 17
27064 0.016096115112304688 15
27198 0.026679039001464844 20
47719 0.022686004638671875 19
19499 0.023324966430664062 17
48825 0.014566898345947266 16
46338 0.03400611877441406 15
17038 0.033181190490722656 20
13424 0.018276691436767578 16
01273 0.017625093460083008 18
17654 0.014223098754882812 15
43716 0.018960952758789062 20
37213 0.025423049926757812 23
37900 0.0213468074798584 23
26157 0.01693272590637207 19
37537 0.05619311332702637 21
38889 0.021101951599121094 19
35532 0.04254484176635742 23
04861 0.04205584526062012 17
08328 0.03176689147949219 19
11229 0.02054619789123535 19
16529 0.015745878219604492 19
13426 0.019509077072143555 16
35119 0.017435312271118164 17
16974 0.020099878311157227 17
19918 0.028219938278198242 23
41082 0.024115800857543945 19
32186 0.06572699546813965 29
22685 0.015642881393432617 18
15011 0.014815092086791992 17
02701 0.02979564666748047 20
07670 0.01825881004333496 19
43870 0.014565706253051758 17
13453 0.027531862258911133 18
45066 0.04560494422912598 23
29655 0.04294085502624512 17
20717 0.02708578109741211 21
21185 0.017851829528808594 18
35247 0.01346278190612793 16
15991 0.03242802619934082 22
08706 0.0201871395111084 22
19763 0.056839942932128906 25
02384 0.015748977661132812 17
31714 0.014200210571289062 15
06802 0.02534031867980957 26
46292 0.029652118682861328 22
15563 0.027005910873413086 24
37317 0.016640901565551758 15
05438 0.047568321228027344 17
03992 0.034567832946777344 19
29791 0.027256011962890625 20
14050 0.026568889617919922 26
46216 0.025779008865356445 19
41196 0.05677914619445801 22
48304 0.04400300979614258 22
38558 0.026108980178833008 19
08129 0.02879500389099121 21
42785 0.026800870895385742 21
48439 0.026147127151489258 21
38033 0.028650999069213867 19
41374 0.017301082611083984 15
44012 0.11860895156860352 19
06116 0.025408029556274414 21
23387 0.014428138732910156 14
41568 0.03061389923095703 23
37316 0.03282904624938965 16
14467 0.10959100723266602 27
23674 0.01564788818359375 15
43122 0.07696700096130371 25
08581 0.021214962005615234 19
33523 0.013126850128173828 14
27404 0.03601789474487305 23
30377 0.021573781967163086 16
16655 0.025172948837280273 23
14940 0.01851487159729004 19
44368 0.017133235931396484 16
05469 0.03256511688232422 21
36580 0.014786005020141602 14
28515 0.030316829681396484 21
18519 0.029263019561767578 21
15205 0.016962051391601562 16
02541 0.019318819046020508 14
03682 0.017666101455688477 19
08539 0.027950048446655273 21
34359 0.016283750534057617 13
44705 0.025803089141845703 21
40562 0.06217193603515625 18
03382 0.055520057678222656 25
27826 0.01874685287475586 20
41364 0.03560590744018555 21
31090 0.016544818878173828 17
37650 0.034477949142456055 22
12211 0.06502676010131836 19
45618 0.019136905670166016 16
32958 0.021514892578125 15
39768 0.018236875534057617 17
34560 0.017695188522338867 20
47279 0.01828789710998535 19
44631 0.02925276756286621 17
05241 0.06671690940856934 15
26886 0.01956486701965332 15
48678 0.03303122520446777 13
06726 0.02181100845336914 25
03680 0.02332901954650879 19
32959 0.01726078987121582 17
03220 0.0182342529296875 17
03866 0.0458829402923584 21
49150 0.05834603309631348 20
33468 0.03952288627624512 17
41804 0.04365706443786621 22
20895 0.01378321647644043 15
21792 0.031217098236083984 21
18540 0.020385026931762695 20
47340 0.017710208892822266 17
44243 0.028056859970092773 20
27986 0.025313138961791992 17
38929 0.013792037963867188 15
02628 0.026773691177368164 23
17883 0.04262900352478027 20
43203 0.032998085021972656 13
20319 0.02551722526550293 19
17881 0.0317380428314209 22
47660 0.03982710838317871 20
05468 0.03189206123352051 21
43825 0.017184019088745117 20
39268 0.026654958724975586 15
00501 0.016630172729492188 18
27762 0.015909194946289062 15
18604 0.02114701271057129 18
45896 0.016798973083496094 19
24980 0.01927804946899414 17
10222 0.03751206398010254 16
07423 0.014540910720825195 13
16948 0.0290529727935791 22
26885 0.01779317855834961 15
35970 0.012380838394165039 14
13615 0.05762505531311035 17
39906 0.02178788185119629 15
20856 0.051346778869628906 21
04152 0.02025127410888672 19
09829 0.02324390411376953 19
22580 0.04718303680419922 20
