00008
00010
00011
00014
00020
00023
00027
00044
00046
00048
00059
00061
00062
00067
00073
00080
00084
00085
00087
00088
00115
00124
00125
00126
00130
00141
00143
00147
00154
00162
00163
00165
00166
00172
00181
00184
00185
00194
00196
00200
00204
00206
00208
00209
00213
00219
00229
00237
00242
00253
00254
00257
00258
00275
00282
00286
00287
00289
00290
00293
00307
00308
00309
00322
00324
00325
00331
00336
00342
00348
00353
00354
00358
00368
00391
00403
00406
00410
00415
00417
00426
00427
00431
00436
00437
00443
00451
00453
00458
00463
00464
00465
00468
00470
00479
00491
00501
00518
00521
00522
00524
00525
00536
00537
00538
00543
00545
00550
00557
00567
00572
00576
00577
00579
00588
00593
00598
00599
00611
00615
00617
00618
00620
00622
00623
00624
00625
00628
00629
00639
00642
00650
00651
00654
00662
00663
00664
00665
00666
00667
00668
00679
00681
00688
00689
00690
00697
00698
00699
00711
00718
00722
00725
00729
00730
00731
00740
00742
00745
00763
00781
00782
00787
00789
00791
00794
00799
00804
00805
00807
00812
00822
00827
00830
00835
00840
00842
00851
00854
00855
00857
00866
00867
00870
00873
00874
00875
00877
00878
00881
00883
00884
00885
00896
00897
00898
00900
00908
00909
00910
00914
00916
00919
00922
00926
00928
00931
00934
00935
00940
00942
00943
00946
00952
00962
00981
00988
00992
00997
01000
01013
01016
01017
01018
01019
01023
01024
01036
01047
01049
01057
01065
01071
01075
01080
01083
01096
01097
01105
01113
01118
01121
01122
01129
01130
01133
01134
01144
01145
01151
01152
01160
01165
01169
01170
01176
01179
01187
01190
01194
01196
01197
01215
01216
01219
01225
01230
01233
01249
01253
01258
01259
01261
01262
01263
01267
01273
01277
01279
01280
01281
01292
01293
01299
01300
01303
01308
01309
01328
01329
01338
01344
01352
01356
01359
01380
01381
01382
01398
01402
01411
01414
01415
01418
01421
01422
01426
01434
01438
01443
01445
01446
01448
01454
01455
01457
01461
01469
01470
01473
01484
01486
01488
01490
01499
01501
01502
01506
01512
01516
01517
01518
01529
01534
01539
01541
01550
01553
01556
01560
01565
01580
01581
01582
01585
01589
01590
01592
01594
01600
01602
01606
01610
01617
01618
01619
01620
01621
01625
01628
01634
01639
01641
01642
01643
01647
01651
01653
01654
01672
01678
01679
01681
01682
01688
01689
01692
01695
01698
01699
01704
01705
01714
01720
01722
01723
01728
01750
01755
01760
01766
01782
01786
01795
01799
01800
01803
01810
01811
01817
01818
01819
01821
01822
01823
01824
01825
01826
01829
01831
01832
01834
01836
01837
01841
01842
01846
01847
01849
01851
01861
01862
01867
01872
01873
01878
01879
01881
01888
01894
01895
01901
01907
01909
01914
01938
01946
01953
01960
01961
01962
01969
01970
01971
01976
01977
01983
01991
01996
02003
02017
02020
02028
02030
02035
02036
02041
02042
02043
02044
02045
02048
02050
02061
02062
02063
02064
02067
02074
02080
02092
02093
02108
02109
02114
02115
02116
02118
02119
02123
02124
02129
02130
02134
02135
02138
02139
02140
02149
02150
02151
02156
02157
02158
02161
02162
02172
02173
02174
02181
02186
02187
02189
02193
02197
02223
02225
02227
02230
02232
02233
02235
02242
02245
02246
02247
02248
02257
02260
02268
02269
02274
02278
02285
02286
02302
02305
02306
02307
02309
02312
02320
02321
02322
02334
02343
02344
02348
02349
02350
02354
02358
02365
02368
02370
02378
02383
02384
02386
02392
02394
02395
02396
02398
02399
02400
02402
02405
02424
02428
02431
02432
02433
02437
02442
02459
02464
02474
02478
02479
02482
02486
02490
02491
02493
02502
02505
02511
02513
02517
02518
02522
02529
02530
02535
02538
02539
02541
02546
02548
02561
02564
02566
02570
02573
02577
02578
02586
02587
02594
02602
02604
02606
02608
02613
02615
02616
02625
02628
02632
02656
02657
02658
02662
02665
02666
02667
02668
02672
02679
02683
02684
02685
02686
02687
02688
02690
02699
02701
02704
02705
02708
02709
02710
02712
02713
02716
02728
02731
02732
02734
02739
02743
02744
02753
02758
02761
02770
02771
02775
02780
02783
02792
02799
02805
02814
02815
02821
02822
02823
02830
02831
02834
02838
02839
02849
02852
02854
02857
02858
02859
02861
02867
02869
02876
02879
02892
02895
02896
02900
02901
02902
02913
02914
02918
02924
02926
02942
02946
02952
02956
02957
02958
02966
02968
02972
02973
02974
02976
02977
02987
02988
02991
02992
02993
02997
03000
03002
03003
03005
03006
03008
03012
03015
03025
03036
03043
03047
03054
03057
03058
03061
03063
03064
03065
03068
03069
03070
03071
03072
03073
03077
03084
03095
03096
03097
03098
03101
03105
03106
03121
03124
03128
03135
03143
03145
03147
03150
03151
03153
03162
03168
03169
03170
03172
03173
03175
03183
03191
03196
03197
03203
03206
03207
03209
03211
03216
03217
03220
03223
03226
03229
03231
03238
03239
03241
03243
03244
03248
03249
03256
03257
03267
03273
03280
03286
03287
03291
03292
03293
03300
03301
03305
03308
03309
03310
03311
03312
03313
03314
03318
03322
03323
03329
03333
03334
03336
03344
03353
03355
03363
03364
03366
03372
03377
03378
03380
03381
03382
03390
03394
03400
03404
03410
03411
03413
03418
03422
03425
03427
03428
03430
03432
03433
03434
03441
03442
03444
03445
03446
03448
03454
03455
03461
03462
03466
03467
03468
03470
03473
03474
03487
03493
03494
03495
03504
03506
03515
03517
03519
03522
03523
03526
03527
03528
03529
03544
03545
03549
03552
03555
03556
03558
03568
03578
03584
03594
03599
03602
03603
03605
03607
03610
03614
03617
03622
03623
03626
03632
03634
03635
03639
03640
03641
03642
03647
03649
03651
03657
03662
03663
03670
03672
03680
03682
03684
03685
03686
03689
03691
03693
03699
03700
03701
03703
03709
03715
03717
03722
03723
03733
03735
03742
03748
03753
03755
03761
03762
03769
03770
03774
03778
03779
03784
03785
03791
03797
03804
03817
03822
03827
03835
03837
03843
03844
03854
03855
03860
03866
03875
03879
03880
03890
03895
03898
03900
03903
03912
03917
03922
03928
03929
03934
03935
03937
03939
03940
03941
03942
03943
03944
03945
03949
03954
03958
03959
03962
03963
03975
03977
03978
03986
03988
03992
03993
03997
03998
04000
04009
04014
04017
04021
04024
04025
04026
04028
04033
04037
04038
04042
04043
04044
04046
04047
04049
04051
04053
04054
04059
04065
04072
04074
04082
04083
04087
04092
04093
04096
04098
04099
04103
04104
04106
04113
04114
04117
04124
04125
04128
04140
04143
04152
04161
04180
04187
04195
04200
04204
04219
04222
04225
04226
04236
04246
04265
04270
04271
04272
04278
04282
04284
04290
04298
04299
04301
04305
04306
04310
04311
04314
04321
04331
04335
04336
04341
04348
04349
04350
04367
04378
04392
04393
04412
04417
04419
04420
04421
04423
04424
04427
04431
04439
04440
04442
04446
04448
04449
04460
04463
04468
04470
04475
04496
04504
04514
04516
04520
04523
04524
04548
04557
04558
04569
04574
04578
04580
04584
04588
04589
04592
04594
04596
04600
04603
04610
04611
04613
04614
04621
04627
04633
04640
04641
04643
04644
04646
04654
04664
04665
04678
04682
04690
04694
04697
04698
04700
04701
04708
04717
04718
04722
04728
04729
04738
04741
04744
04745
04750
04751
04752
04754
04758
04759
04760
04761
04765
04773
04774
04777
04778
04779
04785
04800
04801
04804
04809
04813
04819
04821
04822
04823
04826
04829
04831
04837
04839
04843
04848
04858
04861
04873
04875
04876
04877
04879
04884
04914
04919
04924
04931
04932
04933
04938
04943
04950
04953
04954
04955
04957
04976
04980
04981
04986
04993
04994
04996
04997
05004
05008
05022
05028
05032
05033
05041
05045
05048
05055
05057
05062
05069
05070
05071
05073
05076
05078
05082
05083
05084
05087
05096
05116
05119
05131
05134
05137
05143
05152
05155
05160
05161
05171
05172
05184
05188
05191
05192
05206
05208
05211
05219
05223
05230
05234
05235
05241
05246
05259
05261
05263
05264
05267
05269
05270
05273
05274
05275
05276
05279
05281
05282
05284
05287
05290
05291
05292
05293
05295
05298
05299
05307
05314
05322
05327
05328
05330
05333
05336
05337
05339
05342
05346
05347
05348
05357
05366
05368
05369
05370
05381
05384
05385
05388
05392
05396
05399
05408
05410
05413
05414
05417
05420
05423
05428
05432
05434
05436
05438
05443
05444
05446
05449
05452
05453
05454
05456
05461
05468
05469
05470
05471
05478
05481
05483
05485
05491
05496
05500
05501
05505
05507
05508
05509
05513
05514
05517
05534
05535
05540
05542
05545
05548
05553
05563
05564
05566
05577
05586
05588
05594
05596
05606
05607
05615
05616
05618
05624
05626
05630
05632
05633
05635
05636
05642
05645
05646
05647
05648
05654
05662
05665
05672
05675
05679
05682
05684
05686
05692
05696
05706
05707
05716
05717
05718
05721
05734
05735
05736
05737
05741
05754
05757
05758
05759
05761
05771
05778
05779
05795
05800
05819
05820
05822
05842
05845
05850
05863
05870
05871
05872
05873
05875
05876
05877
05880
05882
05883
05888
05890
05894
05896
05897
05901
05902
05903
05932
05948
05949
05957
05958
05960
05962
05967
05969
05973
05975
05981
05984
05985
05993
06000
06012
06013
06018
06025
06030
06041
06047
06048
06051
06054
06064
06072
06078
06079
06090
06091
06109
06110
06111
06113
06116
06118
06119
06125
06126
06127
06128
06129
06138
06148
06149
06154
06169
06172
06176
06182
06186
06192
06200
06203
06210
06218
06220
06221
06222
06234
06235
06236
06237
06242
06247
06252
06253
06260
06262
06267
06269
06271
06275
06295
06297
06298
06299
06301
06309
06315
06318
06319
06321
06324
06332
06337
06338
06340
06341
06361
06363
06370
06373
06374
06393
06397
06398
06408
06409
06411
06412
06419
06420
06423
06427
06428
06433
06437
06445
06449
06450
06452
06454
06455
06464
06468
06472
06476
06481
06487
06491
06493
06495
06502
06507
06510
06516
06523
06526
06534
06548
06549
06552
06553
06557
06560
06568
06575
06576
06578
06581
06582
06589
06592
06595
06596
06598
06611
06612
06626
06627
06642
06648
06651
06652
06667
06673
06677
06679
06681
06683
06688
06691
06695
06701
06709
06717
06718
06720
06722
06723
06725
06726
06746
06748
06750
06751
06758
06759
06763
06764
06767
06768
06772
06774
06781
06786
06797
06802
06819
06820
06821
06822
06823
06824
06827
06828
06829
06830
06831
06834
06841
06842
06847
06848
06860
06866
06867
06868
06869
06872
06874
06875
06877
06878
06888
06893
06895
06899
06910
06916
06918
06920
06924
06929
06937
06945
06948
06949
06951
06957
06961
06962
06965
06975
06976
06979
06991
06993
07005
07011
07014
07022
07025
07038
07046
07047
07048
07049
07052
07053
07055
07057
07058
07061
07063
07069
07087
07118
07133
07146
07148
07149
07158
07162
07164
07167
07171
07172
07176
07184
07185
07186
07187
07193
07205
07206
07212
07225
07230
07231
07232
07237
07244
07247
07248
07256
07272
07273
07274
07286
07296
07301
07306
07307
07310
07317
07331
07332
07341
07342
07346
07354
07359
07378
07381
07382
07385
07389
07390
07394
07406
07408
07410
07415
07417
07420
07423
07424
07446
07449
07451
07453
07456
07468
07473
07476
07482
07488
07493
07505
07510
07514
07527
07533
07534
07538
07540
07543
07548
07557
07558
07559
07561
07565
07573
07576
07584
07586
07598
07600
07611
07613
07615
07618
07622
07628
07635
07640
07643
07651
07654
07659
07661
07663
07664
07665
07668
07670
07673
07675
07676
07679
07685
07688
07689
07694
07697
07701
07704
07706
07707
07712
07723
07726
07727
07729
07733
07736
07737
07743
07753
07761
07762
07763
07770
07771
07776
07777
07779
07781
07782
07783
07784
07788
07797
07803
07812
07815
07827
07848
07857
07859
07868
07876
07877
07880
07909
07916
07918
07922
07923
07926
07927
07930
07938
07939
07940
07946
07955
07959
07961
07962
07963
07964
07966
07972
07974
07976
07980
07984
07985
07999
08000
08004
08010
08021
08022
08030
08032
08036
08040
08050
08051
08054
08064
08066
08070
08072
08073
08075
08078
08080
08083
08087
08090
08091
08107
08109
08110
08113
08116
08117
08118
08119
08120
08122
08129
08142
08150
08153
08157
08161
08167
08170
08176
08178
08183
08195
08198
08207
08210
08216
08224
08225
08229
08234
08236
08238
08240
08245
08246
08247
08248
08253
08268
08276
08280
08281
08287
08291
08292
08295
08296
08297
08303
08309
08311
08318
08324
08328
08338
08345
08347
08349
08372
08373
08374
08375
08377
08380
08382
08383
08413
08423
08429
08433
08438
08439
08444
08450
08465
08466
08467
08468
08469
08474
08485
08486
08494
08504
08505
08515
08516
08525
08531
08532
08539
08542
08543
08546
08550
08555
08556
08561
08564
08565
08566
08567
08580
08581
08582
08583
08586
08607
08608
08623
08633
08642
08650
08656
08657
08658
08659
08664
08667
08669
08671
08675
08682
08685
08697
08698
08706
08707
08714
08730
08731
08746
08748
08752
08756
08762
08767
08776
08777
08779
08781
08782
08784
08790
08792
08800
08803
08811
08813
08821
08826
08827
08837
08839
08853
08857
08863
08864
08875
08877
08878
08879
08880
08884
08885
08888
08889
08890
08891
08892
08893
08894
08895
08896
08897
08898
08899
08901
08904
08906
08907
08910
08917
08925
08949
08951
08955
08956
08957
08966
08973
08974
08982
08983
08992
08994
08996
09002
09005
09022
09027
09030
09032
09044
09056
09060
09075
09078
09081
09084
09087
09088
09094
09102
09103
09104
09105
09106
09107
09110
09113
09114
09122
09123
09124
09129
09130
09132
09140
09147
09152
09171
09174
09186
09188
09200
09202
09204
09205
09206
09212
09213
09214
09218
09219
09220
09227
09228
09233
09249
09255
09256
09257
09258
09268
09269
09272
09273
09275
09279
09280
09286
09287
09288
09291
09293
09302
09304
09305
09307
09311
09314
09317
09318
09327
09334
09336
09344
09356
09363
09370
09379
09380
09383
09385
09386
09388
09390
09397
09399
09402
09403
09406
09409
09414
09415
09418
09424
09432
09448
09454
09461
09465
09470
09471
09477
09483
09492
09499
09500
09502
09508
09519
09525
09527
09528
09529
09530
09536
09537
09540
09542
09547
09548
09549
09551
09552
09555
09556
09564
09592
09597
09599
09603
09605
09606
09614
09617
09622
09625
09629
09631
09632
09635
09650
09651
09652
09653
09654
09655
09657
09658
09659
09676
09679
09680
09682
09687
09688
09691
09696
09703
09707
09720
09724
09732
09745
09746
09748
09749
09758
09764
09767
09784
09791
09801
09802
09808
09812
09814
09815
09829
09834
09837
09841
09848
09856
09862
09863
09867
09868
09871
09875
09889
09901
09905
09906
09909
09910
09912
09923
09945
09946
09947
09948
09953
09955
09956
09958
09959
09961
09962
09967
09969
09975
09978
09983
09984
09988
09991
09993
09996
09997
09999
10000
10003
10004
10005
10006
10008
10012
10013
10024
10027
10040
10046
10047
10059
10060
10063
10065
10067
10071
10076
10082
10084
10085
10088
10090
10091
10094
10104
10106
10107
10123
10128
10133
10136
10138
10140
10144
10145
10146
10158
10159
10160
10163
10164
10172
10180
10181
10182
10183
10186
10191
10192
10200
10202
10220
10221
10222
10232
10243
10253
10259
10261
10267
10269
10270
10283
10284
10285
10289
10296
10304
10311
10312
10313
10316
10329
10334
10338
10339
10342
10343
10348
10349
10352
10356
10357
10364
10369
10384
10401
10407
10414
10416
10420
10422
10424
10426
10427
10428
10430
10432
10434
10447
10448
10450
10454
10459
10462
10463
10465
10466
10469
10472
10477
10480
10481
10482
10483
10490
10492
10494
10497
10506
10512
10516
10517
10519
10531
10533
10535
10537
10550
10552
10565
10570
10573
10575
10579
10580
10602
10605
10606
10608
10610
10624
10625
10627
10631
10633
10635
10645
10650
10654
10658
10659
10663
10665
10669
10670
10675
10677
10683
10686
10689
10697
10698
10699
10700
10707
10708
10709
10714
10718
10721
10731
10732
10734
10758
10759
10766
10769
10775
10778
10780
10782
10785
10790
10791
10794
10796
10800
10803
10804
10805
10806
10807
10810
10817
10834
10839
10840
10844
10845
10847
10850
10851
10858
10863
10870
10871
10877
10886
10889
10895
10896
10899
10906
10907
10909
10910
10914
10920
10925
10929
10931
10934
10939
10955
10957
10961
10963
10972
10973
10974
10976
10977
10982
10984
10988
10989
10990
10994
10996
11005
11007
11008
11013
11021
11026
11027
11028
11034
11035
11040
11041
11058
11067
11075
11076
11084
11087
11088
11090
11102
11104
11112
11113
11114
11115
11126
11127
11128
11129
11136
11137
11146
11147
11150
11172
11176
11179
11180
11193
11218
11222
11223
11224
11228
11229
11237
11240
11241
11247
11252
11253
11255
11257
11259
11261
11262
11263
11265
11269
11274
11277
11284
11287
11288
11289
11297
11299
11306
11308
11309
11319
11323
11324
11325
11326
11332
11333
11343
11345
11346
11351
11355
11356
11357
11362
11365
11372
11378
11383
11390
11392
11393
11394
11400
11401
11404
11407
11419
11432
11437
11438
11448
11456
11457
11464
11468
11481
11490
11495
11496
11503
11521
11525
11527
11534
11536
11539
11541
11544
11547
11550
11555
11567
11569
11575
11578
11585
11593
11594
11595
11600
11604
11609
11610
11611
11622
11624
11631
11632
11633
11643
11651
11652
11654
11658
11661
11667
11669
11673
11677
11680
11681
11683
11688
11690
11704
11706
11710
11711
11713
11721
11723
11732
11737
11742
11743
11745
11746
11748
11753
11756
11765
11770
11781
11784
11798
11802
11805
11809
11811
11816
11817
11819
11820
11822
11836
11851
11853
11856
11863
11865
11866
11870
11872
11875
11877
11883
11895
11896
11897
11899
11906
11907
11908
11909
11922
11929
11935
11937
11939
11942
11949
11952
11953
11956
11958
11959
11968
11969
11971
11972
11976
11978
11983
11988
11993
11995
11997
12001
12005
12008
12011
12013
12016
12017
12019
12020
12028
12032
12034
12045
12046
12050
12051
12053
12060
12062
12063
12065
12069
12073
12077
12080
12082
12085
12088
12092
12096
12098
12105
12108
12109
12112
12115
12118
12119
12124
12126
12127
12134
12136
12155
12169
12175
12176
12179
12182
12188
12207
12211
12212
12214
12215
12220
12232
12245
12248
12249
12250
12254
12255
12256
12261
12262
12263
12264
12273
12274
12278
12282
12283
12286
12292
12293
12296
12298
12302
12308
12309
12310
12311
12312
12321
12324
12331
12332
12334
12340
12343
12346
12347
12352
12355
12359
12360
12368
12370
12371
12377
12390
12391
12404
12407
12411
12412
12414
12421
12423
12429
12433
12435
12436
12449
12453
12454
12458
12459
12461
12470
12480
12484
12487
12492
12497
12500
12505
12506
12511
12514
12519
12537
12542
12547
12555
12559
12560
12564
12566
12570
12571
12572
12584
12590
12598
12599
12601
12606
12620
12623
12624
12627
12628
12631
12637
12640
12641
12643
12644
12645
12650
12653
12674
12679
12687
12691
12699
12700
12708
12721
12722
12726
12727
12728
12732
12737
12745
12746
12747
12748
12750
12753
12758
12765
12766
12768
12774
12775
12779
12781
12790
12794
12797
12808
12809
12810
12815
12816
12820
12826
12827
12828
12833
12842
12844
12845
12857
12858
12875
12883
12887
12892
12893
12896
12897
12913
12917
12918
12919
12928
12931
12934
12947
12948
12951
12957
12967
12972
12978
12980
12981
12992
12994
12998
13006
13007
13008
13009
13010
13011
13012
13013
13014
13016
13018
13019
13022
13023
13028
13029
13040
13045
13046
13049
13050
13051
13052
13055
13059
13069
13070
13082
13099
13108
13110
13122
13125
13126
13127
13130
13132
13135
13136
13138
13146
13148
13154
13160
13163
13171
13178
13184
13190
13206
13208
13209
13214
13216
13221
13222
13228
13231
13238
13242
13244
13245
13247
13248
13249
13258
13259
13264
13265
13266
13267
13269
13270
13274
13275
13276
13277
13278
13281
13283
13290
13291
13294
13300
13304
13313
13315
13317
13327
13328
13329
13330
13332
13336
13337
13342
13344
13345
13346
13351
13353
13354
13363
13384
13388
13392
13394
13395
13398
13401
13402
13403
13405
13407
13416
13418
13424
13426
13427
13440
13442
13444
13447
13452
13453
13454
13459
13464
13466
13469
13470
13476
13486
13487
13488
13491
13494
13495
13496
13497
13499
13500
13508
13509
13511
13512
13518
13527
13529
13530
13532
13534
13536
13538
13542
13544
13546
13549
13553
13570
13571
13575
13582
13592
13593
13595
13603
13604
13612
13613
13614
13615
13616
13619
13624
13627
13628
13629
13630
13634
13636
13644
13647
13649
13650
13653
13656
13657
13658
13662
13663
13665
13666
13672
13687
13691
13697
13699
13700
13702
13703
13711
13713
13715
13720
13721
13745
13760
13761
13762
13764
13765
13767
13773
13778
13779
13780
13781
13783
13785
13797
13799
13800
13805
13811
13814
13825
13826
13829
13830
13832
13836
13841
13851
13852
13870
13881
13887
13898
13918
13926
13930
13942
13943
13945
13952
13956
13959
13960
13971
13975
13977
13978
13982
13988
13989
13997
14000
14001
14013
14022
14033
14034
14036
14041
14049
14050
14062
14063
14069
14082
14089
14092
14100
14101
14102
14103
14105
14113
14115
14121
14125
14131
14132
14138
14146
14149
14164
14170
14171
14178
14181
14183
14190
14195
14198
14205
14206
14209
14215
14216
14222
14224
14225
14227
14239
14240
14242
14243
14245
14248
14260
14261
14264
14270
14288
14295
14296
14297
14300
14306
14309
14324
14327
14329
14332
14333
14339
14348
14352
14365
14366
14375
14376
14377
14379
14383
14387
14397
14398
14400
14404
14405
14407
14410
14415
14425
14428
14432
14433
14435
14436
14444
14449
14451
14454
14458
14459
14460
14461
14462
14464
14467
14470
14493
14496
14501
14503
14506
14508
14513
14514
14516
14518
14523
14525
14529
14539
14541
14542
14544
14549
14551
14557
14561
14564
14573
14574
14575
14576
14578
14579
14587
14604
14616
14626
14630
14643
14662
14663
14668
14679
14680
14683
14686
14699
14715
14719
14720
14722
14727
14736
14748
14750
14755
14764
14765
14767
14774
14778
14788
14798
14801
14811
14827
14837
14839
14840
14842
14844
14846
14849
14853
14867
14868
14872
14878
14880
14888
14907
14917
14920
14923
14928
14929
14930
14934
14935
14936
14940
14942
14944
14945
14952
14954
14957
14958
14966
14968
14978
14981
14985
14987
14988
14989
14990
14991
14992
14993
14997
15006
15007
15010
15011
15016
15025
15031
15039
15044
15045
15049
15054
15058
15063
15064
15066
15079
15085
15092
15093
15094
15095
15103
15113
15115
15122
15123
15124
15125
15127
15129
15130
15138
15159
15160
15163
15171
15186
15188
15189
15201
15205
15206
15207
15208
15210
15214
15215
15218
15221
15222
15227
15229
15236
15239
15240
15244
15249
15250
15253
15256
15259
15268
15269
15275
15276
15277
15280
15281
15284
15286
15290
15291
15301
15303
15331
15338
15340
15342
15343
15344
15345
15348
15349
15357
15358
15360
15371
15384
15386
15389
15393
15395
15396
15403
15406
15409
15412
15413
15428
15433
15434
15435
15450
15452
15453
15457
15461
15474
15476
15477
15478
15479
15483
15485
15487
15491
15493
15495
15500
15502
15504
15508
15509
15515
15517
15526
15528
15530
15531
15541
15542
15548
15554
15563
15575
15576
15577
15581
15592
15606
15610
15617
15618
15620
15628
15632
15642
15648
15649
15650
15651
15652
15653
15654
15656
15666
15679
15689
15692
15710
15711
15712
15713
15724
15730
15740
15745
15752
15755
15758
15764
15767
15781
15782
15792
15797
15803
15815
15820
15824
15825
15826
15832
15833
15834
15840
15841
15842
15843
15844
15846
15849
15857
15858
15861
15883
15885
15886
15888
15890
15905
15914
15935
15937
15938
15939
15947
15948
15949
15952
15959
15962
15966
15969
15975
15977
15980
15982
15985
15991
15992
15994
15995
15999
16021
16027
16028
16038
16043
16044
16047
16053
16054
16057
16059
16062
16071
16086
16092
16094
16097
16103
16105
16119
16120
16123
16125
16133
16141
16145
16151
16157
16159
16162
16174
16177
16180
16185
16190
16192
16193
16198
16210
16219
16221
16223
16224
16225
16231
16240
16244
16250
16261
16264
16265
16268
16269
16270
16271
16272
16282
16285
16286
16291
16299
16300
16306
16311
16312
16315
16319
16327
16334
16350
16352
16354
16366
16373
16375
16379
16385
16386
16392
16393
16406
16409
16415
16426
16427
16429
16433
16435
16443
16447
16450
16454
16455
16456
16457
16465
16466
16472
16486
16491
16495
16496
16500
16501
16502
16503
16514
16517
16519
16525
16528
16529
16532
16534
16539
16542
16544
16551
16553
16565
16572
16574
16585
16589
16595
16604
16610
16611
16612
16618
16622
16627
16628
16635
16637
16643
16645
16652
16653
16655
16660
16665
16667
16672
16675
16684
16686
16688
16700
16704
16705
16706
16713
16715
16719
16727
16728
16733
16752
16757
16761
16762
16763
16764
16769
16770
16771
16783
16784
16785
16790
16807
16827
16830
16838
16841
16844
16845
16851
16866
16867
16872
16873
16874
16877
16878
16879
16880
16881
16887
16902
16906
16911
16918
16919
16924
16931
16933
16935
16948
16949
16952
16955
16956
16962
16964
16965
16973
16974
16975
16991
16992
16993
16995
17000
17004
17005
17012
17031
17038
17040
17042
17044
17049
17052
17059
17061
17062
17082
17085
17088
17098
17101
17108
17119
17126
17127
17132
17134
17135
17138
17141
17143
17151
17153
17155
17163
17165
17179
17180
17188
17192
17196
17197
17204
17205
17211
17214
17215
17216
17218
17222
17223
17224
17226
17228
17232
17234
17237
17239
17244
17247
17251
17257
17263
17279
17290
17291
17295
17296
17297
17298
17299
17309
17317
17322
17323
17324
17340
17364
17370
17384
17385
17389
17390
17391
17400
17402
17403
17405
17412
17413
17414
17415
17418
17426
17427
17428
17431
17432
17448
17455
17458
17464
17470
17474
17481
17482
17493
17494
17505
17507
17508
17514
17516
17517
17520
17522
17532
17540
17544
17549
17567
17571
17572
17573
17574
17575
17580
17582
17583
17587
17588
17592
17593
17599
17600
17602
17607
17609
17611
17615
17617
17625
17627
17628
17637
17644
17645
17646
17649
17652
17654
17655
17658
17659
17662
17668
17677
17678
17679
17685
17686
17687
17688
17690
17696
17706
17714
17716
17718
17720
17721
17725
17731
17734
17748
17751
17752
17753
17758
17759
17766
17770
17783
17789
17791
17798
17799
17814
17817
17818
17819
17821
17825
17828
17830
17832
17835
17837
17841
17842
17844
17856
17860
17875
17881
17882
17883
17884
17893
17897
17899
17905
17907
17924
17925
17928
17929
17934
17939
17943
17949
17953
17955
17956
17962
17968
17969
17975
17976
17977
17978
17985
18001
18004
18005
18008
18009
18010
18012
18013
18014
18015
18016
18017
18018
18019
18021
18025
18026
18027
18029
18041
18046
18048
18051
18053
18054
18055
18060
18074
18075
18085
18101
18109
18111
18118
18134
18147
18154
18160
18171
18172
18173
18176
18178
18185
18190
18191
18192
18193
18194
18198
18199
18204
18205
18208
18217
18218
18220
18235
18238
18248
18255
18256
18257
18266
18270
18278
18284
18287
18288
18289
18290
18295
18301
18302
18303
18307
18322
18324
18328
18332
18333
18343
18349
18350
18351
18352
18359
18373
18377
18384
18385
18386
18393
18396
18397
18399
18402
18409
18414
18426
18441
18442
18446
18449
18450
18452
18458
18462
18466
18469
18473
18474
18476
18479
18485
18503
18504
18506
18507
18511
18517
18518
18519
18521
18539
18540
18544
18552
18553
18554
18557
18568
18572
18574
18575
18576
18583
18584
18585
18586
18587
18588
18590
18591
18596
18597
18604
18605
18609
18610
18611
18612
18613
18622
18628
18631
18632
18633
18635
18637
18660
18661
18665
18677
18685
18686
18691
18692
18697
18698
18699
18700
18703
18704
18711
18713
18724
18725
18731
18738
18742
18747
18750
18755
18757
18762
18769
18771
18772
18773
18775
18777
18778
18785
18795
18801
18804
18812
18820
18822
18825
18826
18841
18845
18846
18848
18851
18856
18861
18867
18868
18876
18883
18884
18891
18892
18895
18899
18900
18901
18902
18903
18914
18919
18922
18923
18926
18928
18929
18930
18931
18940
18942
18946
18958
18972
18974
18980
18981
18982
18983
18984
18991
18995
18996
19010
19011
19012
19019
19021
19024
19025
19026
19027
19028
19029
19031
19035
19040
19042
19045
19067
19076
19099
19100
19112
19122
19131
19135
19137
19144
19145
19146
19147
19154
19161
19166
19172
19190
19194
19195
19198
19219
19220
19221
19226
19235
19240
19249
19255
19264
19269
19292
19293
19296
19302
19304
19305
19312
19313
19319
19331
19332
19340
19349
19350
19352
19365
19370
19371
19372
19374
19376
19377
19379
19382
19386
19387
19392
19395
19406
19407
19411
19419
19422
19426
19431
19434
19438
19440
19448
19451
19461
19463
19467
19469
19477
19478
19481
19485
19487
19494
19495
19499
19503
19509
19512
19514
19515
19520
19521
19524
19536
19537
19543
19544
19546
19547
19548
19549
19557
19558
19559
19561
19563
19569
19570
19593
19594
19598
19600
19601
19604
19608
19610
19611
19612
19613
19614
19617
19622
19623
19631
19638
19639
19640
19645
19649
19650
19657
19660
19662
19665
19667
19668
19670
19682
19684
19685
19695
19697
19698
19699
19700
19701
19703
19705
19710
19711
19712
19713
19717
19718
19720
19721
19722
19725
19726
19729
19730
19732
19736
19737
19740
19741
19743
19744
19745
19749
19750
19761
19762
19763
19769
19776
19778
19780
19781
19782
19784
19785
19786
19790
19792
19807
19813
19817
19829
19830
19831
19832
19835
19836
19839
19841
19844
19849
19863
19865
19867
19868
19869
19870
19872
19873
19874
19877
19886
19895
19896
19897
19898
19899
19907
19908
19910
19918
19919
19926
19927
19935
19936
19937
19943
19945
19946
19952
19956
19957
19966
19973
19974
19993
19994
19996
20000
20001
20009
20012
20038
20039
20046
20048
20049
20051
20057
20065
20066
20068
20072
20077
20082
20091
20106
20118
20121
20124
20129
20133
20138
20141
20142
20146
20147
20162
20163
20165
20168
20169
20173
20175
20178
20179
20186
20188
20197
20198
20199
20201
20202
20203
20207
20208
20212
20219
20220
20228
20229
20240
20244
20246
20249
20250
20251
20254
20264
20265
20266
20270
20271
20276
20279
20294
20296
20298
20302
20306
20307
20310
20311
20312
20313
20314
20315
20319
20324
20336
20337
20338
20348
20349
20350
20364
20366
20376
20383
20391
20393
20396
20399
20401
20406
20423
20424
20427
20430
20445
20448
20453
20454
20457
20458
20463
20466
20469
20474
20486
20487
20501
20504
20505
20506
20514
20516
20518
20521
20525
20529
20532
20534
20540
20549
20550
20557
20558
20559
20561
20564
20567
20574
20578
20580
20586
20587
20595
20597
20598
20600
20605
20608
20613
20631
20641
20642
20645
20647
20652
20655
20658
20660
20662
20664
20668
20682
20685
20693
20698
20707
20708
20717
20720
20726
20731
20733
20739
20740
20746
20749
20763
20769
20771
20774
20784
20785
20786
20788
20789
20790
20798
20799
20802
20805
20806
20807
20808
20810
20811
20812
20818
20826
20829
20843
20847
20853
20854
20856
20858
20859
20862
20866
20867
20868
20869
20870
20873
20880
20883
20884
20885
20895
20907
20910
20911
20923
20926
20927
20931
20936
20937
20945
20951
20956
20960
20963
20964
20971
20973
20996
20999
21016
21020
21022
21038
21039
21041
21044
21050
21052
21054
21055
21059
21062
21065
21066
21081
21087
21092
21094
21095
21097
21098
21100
21101
21107
21108
21115
21116
21117
21119
21121
21132
21136
21144
21149
21160
21164
21170
21171
21172
21185
21202
21203
21212
21214
21217
21218
21229
21231
21239
21243
21268
21286
21299
21305
21307
21311
21324
21325
21326
21331
21334
21335
21342
21345
21346
21356
21363
21367
21372
21377
21380
21382
21396
21407
21408
21409
21416
21417
21418
21419
21420
21431
21432
21444
21450
21452
21457
21460
21479
21490
21493
21498
21503
21506
21507
21516
21517
21518
21519
21532
21535
21549
21550
21552
21553
21555
21560
21563
21564
21566
21569
21572
21581
21582
21583
21587
21588
21594
21595
21597
21598
21599
21602
21609
21611
21620
21634
21644
21645
21652
21653
21654
21666
21672
21677
21678
21679
21682
21683
21684
21686
21698
21699
21703
21704
21707
21712
21716
21730
21732
21739
21743
21751
21756
21758
21765
21767
21770
21776
21781
21782
21786
21787
21791
21792
21794
21809
21810
21811
21812
21841
21842
21851
21857
21858
21859
21860
21864
21867
21870
21872
21875
21876
21881
21883
21890
21893
21894
21898
21906
21908
21909
21910
21912
21913
21924
21927
21929
21933
21934
21940
21942
21946
21947
21951
21954
21956
21957
21958
21962
21963
21967
21969
21972
21977
21980
21982
21986
22005
22007
22008
22015
22017
22021
22023
22024
22031
22034
22041
22043
22046
22048
22049
22052
22056
22057
22058
22059
22063
22066
22068
22069
22070
22076
22080
22081
22085
22088
22090
22099
22100
22105
22106
22107
22117
22118
22121
22122
22123
22124
22125
22131
22139
22145
22146
22148
22149
22162
22165
22172
22173
22174
22178
22189
22194
22206
22211
22224
22228
22243
22246
22257
22258
22259
22260
22261
22263
22264
22265
22266
22269
22277
22285
22286
22287
22288
22296
22298
22301
22309
22312
22318
22322
22325
22326
22328
22332
22338
22340
22359
22362
22369
22376
22385
22393
22402
22405
22425
22433
22436
22450
22455
22461
22466
22467
22468
22469
22472
22475
22479
22480
22485
22487
22494
22499
22507
22510
22522
22524
22525
22526
22527
22531
22532
22536
22548
22553
22557
22562
22566
22573
22575
22580
22581
22588
22589
22591
22597
22607
22610
22614
22615
22620
22632
22636
22643
22646
22654
22663
22669
22670
22673
22675
22677
22678
22685
22687
22698
22710
22715
22716
22723
22724
22725
22728
22732
22737
22738
22743
22755
22756
22757
22759
22761
22763
22766
22773
22776
22777
22780
22793
22800
22801
22803
22804
22805
22812
22813
22817
22819
22861
22862
22866
22868
22869
22872
22874
22877
22879
22880
22886
22892
22900
22903
22904
22906
22909
22914
22915
22917
22919
22922
22923
22924
22925
22933
22934
22935
22944
22948
22956
22965
22970
22976
22977
22980
22981
22992
22996
23006
23009
23017
23018
23022
23023
23025
23034
23035
23041
23048
23050
23051
23057
23062
23069
23075
23077
23078
23079
23080
23085
23091
23092
23096
23100
23104
23105
23106
23131
23135
23139
23149
23150
23158
23159
23169
23171
23172
23173
23176
23177
23179
23197
23199
23203
23204
23210
23212
23224
23225
23228
23233
23237
23241
23242
23245
23247
23248
23250
23251
23252
23255
23258
23260
23269
23271
23276
23283
23290
23299
23305
23307
23313
23318
23326
23343
23346
23347
23348
23351
23352
23353
23367
23372
23380
23386
23387
23391
23393
23395
23396
23399
23407
23409
23413
23414
23417
23422
23423
23424
23427
23428
23433
23441
23443
23451
23452
23459
23462
23468
23477
23480
23481
23482
23483
23489
23491
23498
23499
23500
23512
23518
23520
23527
23528
23529
23537
23556
23557
23561
23573
23574
23579
23585
23593
23594
23599
23607
23611
23613
23615
23619
23624
23627
23629
23631
23633
23635
23639
23640
23645
23647
23649
23651
23655
23674
23675
23676
23685
23691
23692
23694
23700
23719
23722
23728
23739
23740
23743
23746
23759
23761
23766
23767
23768
23788
23789
23791
23793
23804
23810
23828
23839
23840
23842
23844
23848
23856
23865
23868
23869
23876
23878
23879
23880
23887
23894
23902
23909
23910
23911
23915
23919
23921
23922
23923
23926
23927
23937
23963
23964
23965
23973
23975
23982
23985
23986
23988
23992
23999
24004
24007
24011
24012
24013
24020
24029
24032
24038
24045
24051
24053
24058
24059
24061
24067
24068
24070
24076
24078
24079
24080
24094
24095
24096
24102
24106
24122
24124
24142
24145
24146
24148
24152
24163
24174
24180
24193
24198
24210
24214
24215
24218
24228
24235
24237
24244
24250
24255
24260
24267
24269
24271
24272
24275
24276
24277
24285
24286
24287
24288
24289
24292
24300
24302
24308
24312
24315
24317
24326
24327
24332
24336
24337
24339
24340
24343
24344
24351
24353
24357
24361
24368
24369
24372
24376
24382
24388
24393
24394
24395
24400
24401
24405
24431
24435
24437
24443
24445
24447
24460
24463
24464
24466
24468
24471
24474
24476
24478
24483
24484
24486
24491
24493
24494
24506
24508
24509
24536
24537
24543
24549
24553
24568
24571
24577
24584
24592
24600
24601
24608
24612
24614
24616
24619
24621
24622
24625
24628
24630
24631
24633
24634
24635
24641
24661
24663
24665
24666
24667
24670
24671
24681
24683
24689
24698
24700
24710
24715
24717
24719
24720
24721
24723
24727
24728
24733
24734
24745
24746
24747
24749
24751
24754
24757
24764
24765
24770
24778
24779
24783
24784
24787
24788
24797
24805
24807
24808
24809
24811
24813
24816
24818
24819
24822
24828
24829
24831
24833
24836
24840
24841
24849
24851
24857
24860
24863
24864
24866
24868
24876
24880
24901
24905
24907
24908
24909
24914
24919
24933
24940
24941
24942
24950
24951
24957
24958
24959
24960
24961
24962
24964
24975
24976
24980
24983
24985
24990
24991
24994
25005
25007
25011
25015
25016
25017
25020
25024
25027
25032
25035
25041
25045
25049
25057
25076
25078
25081
25086
25096
25097
25102
25107
25117
25119
25120
25124
25129
25138
25142
25150
25152
25154
25156
25158
25159
25163
25165
25171
25172
25173
25176
25183
25186
25187
25191
25198
25202
25204
25208
25211
25213
25216
25217
25223
25224
25241
25249
25250
25256
25257
25260
25261
25269
25271
25274
25275
25281
25289
25290
25297
25298
25301
25312
25314
25316
25317
25319
25329
25338
25340
25346
25347
25355
25360
25361
25368
25370
25371
25372
25373
25379
25383
25384
25386
25388
25396
25397
25413
25419
25424
25426
25435
25443
25455
25459
25460
25464
25467
25469
25470
25471
25478
25481
25483
25488
25491
25502
25508
25509
25517
25521
25524
25531
25536
25542
25544
25552
25556
25557
25562
25563
25571
25584
25586
25588
25589
25595
25597
25602
25611
25624
25625
25628
25634
25642
25645
25648
25653
25654
25663
25692
25693
25696
25697
25698
25708
25716
25718
25733
25747
25749
25765
25773
25780
25781
25784
25796
25812
25819
25830
25838
25839
25840
25857
25859
25860
25861
25864
25867
25868
25870
25873
25880
25882
25886
25887
25888
25889
25890
25903
25905
25912
25914
25921
25926
25931
25933
25942
25943
25944
25945
25955
25962
25964
25968
25971
25974
25978
25990
25991
25992
25997
26004
26007
26011
26016
26023
26033
26036
26040
26044
26046
26047
26048
26050
26055
26060
26064
26078
26080
26081
26088
26089
26090
26095
26103
26112
26122
26123
26136
26145
26150
26157
26164
26165
26169
26174
26182
26197
26200
26201
26209
26226
26230
26233
26240
26255
26263
26264
26265
26268
26271
26272
26275
26277
26278
26279
26283
26304
26306
26312
26313
26314
26318
26319
26324
26365
26371
26379
26387
26390
26395
26400
26405
26413
26414
26417
26422
26423
26429
26437
26446
26450
26456
26479
26488
26489
26493
26497
26505
26508
26509
26510
26511
26512
26518
26528
26531
26544
26545
26559
26563
26564
26567
26569
26570
26571
26573
26574
26587
26588
26595
26602
26604
26610
26612
26614
26616
26617
26621
26622
26624
26627
26628
26631
26634
26635
26643
26653
26654
26655
26662
26668
26676
26679
26680
26684
26685
26686
26687
26688
26691
26692
26695
26701
26704
26705
26708
26710
26711
26713
26716
26719
26723
26724
26725
26726
26739
26740
26743
26744
26750
26751
26753
26756
26763
26767
26772
26773
26777
26781
26782
26787
26788
26794
26797
26803
26806
26807
26815
26819
26821
26825
26841
26842
26861
26863
26864
26882
26884
26885
26886
26892
26894
26906
26907
26911
26916
26917
26924
26927
26928
26937
26938
26941
26949
26960
26976
26979
26983
26985
26991
26992
26994
27000
27002
27019
27020
27021
27022
27023
27024
27025
27030
27037
27042
27045
27063
27064
27069
27070
27081
27082
27083
27085
27090
27093
27108
27109
27121
27122
27123
27124
27129
27131
27141
27149
27163
27164
27175
27186
27198
27200
27205
27211
27218
27219
27220
27234
27237
27238
27239
27241
27243
27245
27247
27248
27253
27254
27255
27256
27259
27260
27266
27267
27270
27280
27281
27284
27285
27286
27301
27302
27303
27307
27311
27312
27318
27319
27352
27356
27362
27377
27382
27384
27386
27389
27391
27396
27404
27405
27408
27409
27414
27418
27419
27421
27423
27425
27429
27430
27432
27438
27440
27449
27450
27453
27456
27457
27464
27465
27469
27472
27473
27478
27508
27519
27523
27526
27529
27533
27534
27547
27554
27555
27558
27562
27563
27570
27571
27575
27583
27587
27588
27589
27591
27592
27593
27597
27598
27612
27614
27615
27617
27631
27636
27641
27647
27648
27649
27650
27651
27657
27659
27664
27675
27684
27689
27691
27693
27703
27704
27714
27717
27730
27733
27743
27748
27749
27751
27753
27756
27762
27763
27766
27775
27782
27783
27791
27794
27799
27801
27805
27808
27812
27815
27817
27825
27826
27827
27843
27854
27862
27863
27864
27867
27878
27879
27882
27884
27891
27905
27912
27922
27929
27930
27932
27935
27936
27946
27948
27949
27956
27963
27966
27967
27968
27969
27974
27981
27983
27984
27986
27994
28000
28001
28002
28005
28013
28014
28016
28019
28027
28030
28033
28036
28044
28055
28056
28057
28060
28066
28072
28099
28104
28105
28109
28110
28116
28127
28140
28143
28150
28151
28152
28156
28158
28159
28163
28177
28181
28183
28192
28193
28195
28196
28198
28199
28206
28213
28217
28218
28219
28222
28228
28230
28252
28262
28267
28273
28280
28281
28301
28304
28305
28311
28317
28330
28342
28345
28352
28357
28366
28376
28378
28383
28384
28391
28393
28394
28396
28399
28401
28404
28407
28411
28423
28431
28435
28439
28440
28443
28445
28446
28449
28451
28454
28455
28459
28469
28473
28474
28477
28478
28479
28492
28497
28498
28501
28512
28513
28514
28515
28523
28525
28527
28531
28536
28555
28556
28557
28558
28561
28567
28568
28582
28583
28586
28588
28590
28605
28606
28609
28612
28613
28614
28615
28616
28619
28624
28630
28637
28642
28652
28663
28666
28673
28676
28678
28683
28685
28688
28690
28691
28696
28697
28699
28702
28706
28707
28709
28726
28729
28733
28745
28746
28751
28752
28753
28756
28759
28761
28767
28768
28772
28774
28778
28784
28794
28796
28798
28799
28818
28831
28850
28852
28859
28861
28863
28865
28869
28877
28891
28894
28902
28903
28916
28917
28919
28926
28927
28932
28939
28941
28953
28955
28956
28960
28961
28967
28968
28971
28976
28977
28981
28982
28985
28986
28988
28992
29004
29007
29010
29011
29015
29016
29020
29029
29032
29036
29040
29043
29050
29051
29053
29055
29057
29060
29061
29077
29082
29083
29086
29089
29101
29113
29118
29125
29126
29128
29130
29132
29135
29136
29140
29141
29147
29151
29161
29162
29163
29165
29169
29171
29178
29182
29190
29199
29200
29204
29205
29209
29212
29213
29220
29226
29230
29236
29240
29241
29249
29256
29261
29262
29263
29267
29268
29276
29278
29283
29295
29299
29306
29307
29311
29312
29319
29321
29322
29326
29331
29333
29336
29337
29343
29354
29358
29367
29370
29374
29375
29382
29385
29399
29403
29407
29408
29412
29418
29423
29427
29429
29437
29448
29449
29452
29453
29472
29473
29474
29493
29503
29509
29511
29514
29522
29523
29524
29525
29539
29542
29543
29556
29559
29566
29590
29599
29605
29606
29608
29616
29623
29624
29626
29630
29634
29636
29639
29645
29646
29655
29657
29661
29662
29666
29672
29673
29682
29684
29689
29693
29704
29711
29715
29723
29737
29745
29746
29747
29753
29755
29770
29780
29785
29788
29789
29791
29792
29796
29797
29804
29808
29832
29833
29837
29849
29855
29856
29865
29866
29867
29875
29876
29883
29885
29888
29889
29893
29894
29895
29900
29920
29931
29944
29945
29952
29954
29975
29980
29981
29982
29983
29984
29986
29990
29991
29992
30022
30024
30026
30031
30037
30045
30046
30054
30062
30063
30068
30076
30081
30083
30126
30145
30148
30149
30172
30173
30179
30181
30183
30184
30185
30188
30189
30202
30203
30204
30205
30206
30216
30217
30229
30249
30266
30272
30275
30276
30279
30281
30303
30305
30307
30308
30309
30318
30320
30321
30332
30338
30339
30341
30346
30349
30350
30354
30356
30375
30376
30377
30382
30385
30387
30388
30393
30406
30412
30413
30414
30416
30423
30424
30429
30430
30437
30438
30440
30446
30448
30460
30474
30481
30488
30490
30496
30498
30507
30508
30510
30513
30516
30518
30523
30524
30538
30539
30541
30542
30544
30546
30551
30557
30568
30576
30579
30586
30597
30602
30609
30618
30620
30626
30632
30635
30642
30649
30655
30660
30661
30663
30664
30666
30672
30675
30686
30687
30688
30690
30693
30694
30696
30697
30698
30703
30708
30711
30712
30714
30715
30717
30720
30724
30728
30735
30736
30739
30740
30742
30746
30753
30759
30764
30765
30775
30776
30777
30778
30779
30780
30781
30783
30784
30790
30791
30795
30805
30806
30811
30814
30816
30829
30845
30846
30850
30853
30857
30861
30871
30875
30882
30892
30894
30897
30898
30900
30904
30906
30913
30914
30916
30918
30919
30924
30925
30926
30928
30930
30939
30942
30945
30951
30953
30964
30973
30980
30994
30995
30997
30998
31002
31008
31009
31016
31017
31023
31025
31028
31029
31030
31050
31066
31071
31075
31078
31084
31089
31090
31093
31094
31095
31096
31098
31099
31110
31116
31122
31131
31133
31140
31141
31147
31155
31159
31162
31169
31170
31171
31175
31178
31179
31180
31185
31188
31192
31195
31196
31203
31205
31208
31209
31213
31225
31239
31240
31244
31245
31246
31247
31249
31259
31261
31262
31264
31267
31268
31269
31274
31280
31281
31289
31292
31297
31309
31311
31312
31315
31318
31319
31322
31328
31329
31330
31337
31340
31353
31360
31368
31371
31379
31383
31390
31397
31398
31401
31402
31403
31409
31411
31414
31417
31426
31433
31441
31442
31451
31455
31460
31462
31463
31468
31470
31473
31478
31487
31490
31495
31505
31506
31513
31514
31517
31520
31521
31525
31534
31536
31537
31538
31539
31540
31541
31542
31546
31551
31554
31569
31573
31574
31579
31584
31588
31590
31608
31609
31611
31612
31613
31615
31618
31619
31622
31624
31632
31634
31637
31640
31642
31643
31649
31661
31663
31667
31668
31669
31670
31671
31673
31674
31675
31676
31683
31686
31690
31696
31698
31703
31706
31712
31714
31723
31724
31727
31730
31731
31739
31750
31765
31768
31786
31793
31794
31795
31796
31799
31801
31805
31807
31810
31812
31819
31821
31822
31823
31826
31833
31834
31835
31836
31837
31838
31839
31843
31849
31850
31858
31861
31875
31880
31896
31903
31904
31906
31908
31920
31921
31926
31933
31957
31965
31971
31974
31976
31981
31988
31990
31991
31995
31999
32000
32002
32005
32006
32008
32011
32015
32021
32025
32038
32042
32047
32054
32058
32060
32062
32063
32073
32080
32084
32087
32089
32092
32107
32108
32109
32122
32127
32132
32134
32136
32138
32140
32145
32147
32149
32152
32154
32157
32159
32160
32171
32172
32173
32176
32178
32182
32186
32188
32189
32190
32193
32194
32195
32197
32198
32199
32200
32201
32202
32207
32208
32214
32215
32218
32219
32226
32229
32234
32235
32236
32250
32262
32263
32270
32273
32275
32295
32303
32304
32307
32324
32325
32329
32336
32345
32346
32355
32356
32360
32361
32388
32400
32405
32406
32408
32416
32420
32421
32422
32430
32444
32446
32447
32448
32450
32459
32473
32474
32476
32480
32481
32483
32486
32487
32490
32498
32500
32506
32509
32530
32531
32533
32546
32551
32552
32568
32576
32582
32593
32617
32618
32621
32622
32625
32627
32629
32637
32642
32643
32648
32651
32674
32675
32676
32682
32684
32696
32701
32704
32706
32709
32710
32712
32714
32716
32717
32719
32728
32729
32732
32737
32740
32749
32753
32758
32759
32760
32764
32766
32779
32791
32794
32797
32800
32802
32807
32816
32818
32826
32832
32833
32834
32835
32841
32842
32844
32853
32866
32873
32880
32885
32886
32890
32896
32902
32905
32907
32908
32913
32916
32918
32924
32926
32934
32936
32943
32949
32950
32952
32955
32956
32958
32959
32963
32964
32965
32970
32983
32985
32989
32990
32995
33000
33008
33009
33015
33020
33021
33035
33036
33040
33047
33050
33051
33065
33069
33074
33080
33081
33083
33088
33092
33106
33112
33114
33116
33119
33131
33134
33152
33156
33158
33166
33171
33185
33186
33189
33201
33205
33208
33211
33215
33217
33222
33231
33241
33244
33253
33258
33267
33269
33271
33277
33279
33282
33299
33302
33305
33310
33317
33334
33336
33347
33353
33355
33356
33369
33374
33379
33388
33392
33393
33400
33401
33402
33404
33405
33406
33411
33412
33413
33433
33434
33437
33438
33445
33451
33453
33460
33468
33471
33475
33477
33479
33483
33486
33488
33494
33498
33499
33501
33503
33509
33518
33522
33523
33530
33546
33572
33575
33576
33577
33579
33581
33585
33587
33588
33596
33598
33599
33601
33603
33607
33610
33611
33613
33614
33615
33621
33628
33637
33646
33652
33656
33660
33664
33677
33678
33684
33692
33693
33704
33705
33709
33717
33724
33726
33729
33732
33733
33734
33735
33765
33767
33772
33773
33774
33775
33776
33777
33780
33783
33784
33786
33787
33790
33798
33803
33804
33806
33814
33821
33823
33824
33825
33828
33829
33830
33846
33847
33849
33851
33858
33859
33867
33873
33877
33881
33889
33893
33896
33897
33899
33900
33901
33905
33910
33917
33920
33923
33929
33930
33932
33939
33943
33945
33948
33950
33954
33964
33970
33972
33974
33984
33987
33989
33996
33998
34002
34009
34011
34012
34013
34016
34022
34030
34034
34046
34053
34054
34056
34061
34062
34064
34065
34066
34068
34074
34075
34076
34078
34081
34088
34093
34097
34106
34108
34125
34133
34137
34145
34149
34156
34158
34159
34164
34169
34170
34171
34174
34177
34178
34184
34189
34196
34201
34209
34210
34211
34215
34229
34230
34231
34232
34242
34255
34256
34259
34263
34275
34276
34282
34302
34309
34312
34313
34314
34322
34330
34331
34337
34340
34341
34349
34350
34356
34357
34359
34365
34366
34371
34378
34381
34383
34391
34397
34400
34412
34413
34414
34416
34419
34420
34422
34428
34431
34432
34438
34440
34455
34456
34459
34462
34467
34471
34472
34486
34496
34503
34504
34512
34515
34516
34517
34518
34531
34534
34537
34548
34559
34560
34564
34570
34577
34580
34581
34586
34588
34600
34601
34606
34609
34616
34618
34619
34620
34624
34625
34634
34635
34641
34652
34660
34667
34674
34676
34678
34679
34684
34686
34690
34691
34700
34702
34705
34711
34714
34716
34717
34720
34738
34744
34747
34749
34750
34751
34762
34766
34768
34770
34778
34780
34799
34800
34805
34819
34826
34835
34842
34849
34850
34852
34857
34872
34874
34876
34893
34895
34896
34897
34902
34906
34907
34908
34913
34915
34918
34920
34922
34926
34928
34935
34939
34941
34942
34946
34951
34956
34957
34959
34961
34963
34971
34977
34979
34984
34985
34986
34989
35003
35005
35006
35008
35013
35018
35021
35026
35028
35029
35031
35039
35041
35042
35043
35044
35048
35055
35059
35060
35074
35075
35077
35084
35085
35086
35087
35093
35114
35117
35119
35120
35131
35132
35141
35142
35147
35148
35158
35160
35171
35172
35175
35183
35184
35185
35186
35188
35194
35206
35207
35208
35211
35213
35214
35224
35238
35242
35246
35247
35248
35252
35253
35254
35257
35259
35263
35271
35276
35285
35286
35296
35299
35300
35303
35312
35316
35317
35323
35340
35347
35352
35354
35371
35372
35378
35389
35390
35392
35394
35396
35405
35408
35409
35415
35423
35424
35428
35441
35443
35444
35450
35455
35458
35467
35471
35473
35486
35492
35496
35501
35513
35518
35519
35524
35527
35531
35532
35533
35540
35541
35542
35545
35551
35556
35559
35565
35574
35575
35589
35592
35605
35606
35609
35613
35619
35621
35625
35633
35634
35636
35641
35651
35652
35654
35656
35675
35680
35682
35686
35702
35707
35709
35713
35725
35726
35727
35731
35734
35737
35741
35744
35747
35749
35750
35767
35772
35774
35775
35781
35788
35789
35792
35805
35817
35818
35827
35829
35832
35835
35839
35845
35851
35861
35865
35866
35873
35875
35884
35891
35895
35908
35914
35923
35924
35926
35928
35929
35932
35933
35947
35950
35954
35955
35961
35962
35968
35970
35971
35976
35977
35982
35985
35987
35989
35990
35991
35993
35994
36007
36016
36030
36033
36036
36037
36039
36042
36044
36046
36049
36052
36053
36076
36077
36098
36102
36104
36108
36113
36114
36123
36131
36133
36138
36139
36143
36153
36156
36157
36158
36160
36161
36162
36165
36166
36167
36168
36170
36174
36175
36176
36177
36178
36180
36181
36182
36183
36184
36186
36191
36192
36195
36201
36205
36206
36209
36213
36214
36216
36222
36229
36231
36234
36240
36241
36243
36245
36246
36247
36255
36260
36264
36268
36269
36281
36282
36288
36291
36292
36293
36299
36304
36305
36307
36311
36312
36318
36325
36333
36339
36342
36350
36355
36359
36361
36363
36375
36386
36387
36399
36418
36430
36431
36432
36437
36455
36457
36473
36479
36482
36483
36487
36491
36493
36496
36497
36501
36504
36511
36512
36514
36515
36516
36521
36524
36529
36530
36531
36538
36546
36547
36550
36551
36554
36564
36565
36570
36580
36581
36588
36593
36602
36615
36616
36625
36633
36637
36641
36644
36645
36652
36668
36675
36676
36681
36683
36689
36692
36693
36703
36705
36710
36718
36719
36721
36726
36727
36733
36737
36747
36754
36755
36756
36758
36759
36765
36770
36774
36776
36781
36782
36786
36794
36798
36800
36802
36804
36805
36810
36811
36813
36816
36817
36820
36821
36832
36836
36839
36840
36841
36842
36844
36846
36847
36860
36866
36870
36872
36884
36889
36896
36897
36901
36903
36904
36907
36909
36911
36922
36924
36928
36932
36946
36948
36949
36954
36956
36963
36966
36967
36979
36980
36983
36984
36985
36986
36988
36990
36991
36996
36997
36998
36999
37002
37006
37007
37016
37029
37043
37049
37062
37071
37074
37076
37078
37104
37109
37112
37122
37126
37127
37132
37138
37143
37151
37152
37157
37160
37163
37164
37169
37172
37173
37177
37178
37179
37180
37181
37183
37188
37191
37193
37209
37213
37214
37217
37218
37222
37226
37228
37230
37233
37242
37247
37257
37260
37262
37269
37273
37280
37284
37290
37292
37294
37298
37311
37316
37317
37318
37319
37321
37322
37326
37329
37347
37360
37366
37373
37374
37377
37379
37381
37388
37389
37390
37391
37392
37400
37407
37410
37414
37419
37422
37426
37430
37438
37455
37458
37465
37470
37473
37475
37476
37479
37482
37494
37495
37503
37510
37516
37519
37521
37531
37532
37537
37538
37549
37550
37551
37552
37554
37559
37566
37569
37572
37573
37580
37581
37582
37583
37586
37593
37602
37606
37607
37611
37613
37614
37631
37632
37645
37650
37654
37655
37660
37669
37670
37684
37693
37694
37704
37713
37734
37737
37746
37749
37754
37759
37760
37767
37790
37791
37804
37805
37806
37808
37811
37812
37813
37825
37826
37827
37830
37834
37839
37844
37846
37849
37852
37856
37866
37867
37874
37875
37882
37884
37889
37890
37895
37900
37902
37904
37906
37908
37913
37923
37924
37925
37926
37928
37937
37941
37953
37964
37966
37967
37968
37973
37974
37978
37985
37998
38001
38002
38003
38004
38005
38006
38007
38014
38015
38018
38020
38032
38033
38034
38036
38038
38039
38043
38046
38047
38048
38054
38058
38061
38062
38066
38069
38076
38083
38087
38088
38089
38098
38100
38102
38110
38112
38113
38115
38117
38121
38122
38127
38130
38140
38147
38150
38151
38180
38192
38193
38195
38202
38208
38215
38216
38219
38221
38233
38235
38238
38245
38248
38249
38257
38265
38270
38273
38274
38276
38277
38278
38284
38285
38287
38301
38303
38305
38321
38323
38328
38334
38338
38340
38354
38355
38361
38365
38366
38373
38380
38381
38382
38384
38387
38389
38392
38393
38394
38398
38403
38416
38419
38424
38427
38430
38431
38436
38446
38450
38455
38462
38463
38474
38493
38504
38507
38509
38517
38518
38519
38528
38534
38535
38537
38538
38541
38544
38545
38553
38554
38558
38563
38579
38582
38596
38597
38607
38610
38622
38629
38631
38635
38637
38640
38641
38648
38653
38656
38660
38664
38674
38679
38690
38692
38696
38708
38709
38710
38717
38725
38726
38728
38738
38742
38744
38745
38746
38747
38752
38755
38761
38763
38765
38767
38768
38771
38774
38776
38777
38792
38802
38804
38805
38813
38831
38838
38839
38840
38844
38845
38846
38848
38850
38853
38860
38861
38862
38871
38878
38889
38893
38897
38898
38900
38901
38902
38903
38908
38916
38920
38928
38929
38932
38933
38946
38947
38949
38955
38956
38961
38962
38964
38966
38976
38977
38978
38979
38980
38981
38982
38984
38986
38996
38999
39000
39004
39009
39013
39017
39019
39023
39045
39046
39052
39064
39071
39072
39076
39081
39083
39096
39109
39126
39127
39135
39148
39153
39171
39173
39174
39176
39179
39196
39202
39204
39208
39211
39212
39213
39221
39225
39228
39229
39230
39233
39234
39239
39246
39254
39256
39260
39262
39263
39265
39266
39268
39271
39281
39285
39287
39288
39295
39298
39302
39303
39305
39311
39313
39315
39316
39318
39326
39328
39331
39333
39334
39335
39338
39340
39345
39352
39354
39357
39366
39368
39369
39370
39371
39373
39375
39380
39383
39384
39389
39392
39394
39395
39396
39400
39403
39404
39408
39412
39413
39414
39417
39419
39424
39426
39429
39436
39437
39438
39444
39458
39460
39461
39462
39463
39464
39476
39482
39487
39488
39489
39497
39499
39502
39505
39506
39510
39512
39513
39514
39516
39517
39521
39522
39523
39525
39527
39530
39544
39545
39549
39551
39552
39553
39565
39566
39567
39570
39571
39573
39574
39576
39581
39585
39587
39588
39594
39601
39605
39606
39615
39617
39620
39622
39627
39629
39630
39631
39632
39639
39640
39641
39646
39649
39653
39654
39655
39657
39665
39666
39668
39671
39672
39673
39674
39675
39676
39677
39678
39682
39689
39700
39702
39704
39710
39711
39712
39722
39726
39728
39729
39730
39733
39734
39741
39748
39749
39758
39768
39770
39774
39776
39779
39780
39786
39787
39792
39793
39795
39803
39807
39815
39816
39817
39819
39822
39832
39864
39878
39884
39897
39898
39906
39908
39910
39918
39922
39923
39930
39933
39936
39938
39939
39942
39946
39947
39949
39951
39952
39957
39962
39965
39967
39970
39971
39974
39975
39993
39998
39999
40000
40007
40018
40019
40022
40025
40031
40032
40038
40042
40052
40053
40054
40059
40075
40078
40082
40085
40086
40088
40089
40094
40096
40102
40112
40113
40120
40122
40124
40146
40147
40154
40162
40164
40165
40166
40168
40175
40183
40184
40189
40193
40201
40207
40210
40212
40213
40215
40222
40226
40237
40238
40239
40242
40243
40245
40249
40255
40258
40262
40264
40265
40266
40267
40279
40287
40288
40289
40295
40298
40299
40302
40303
40304
40310
40311
40314
40323
40324
40329
40330
40333
40336
40338
40341
40345
40346
40347
40350
40355
40362
40363
40364
40370
40375
40376
40378
40379
40387
40388
40402
40404
40407
40408
40411
40412
40413
40415
40420
40422
40425
40426
40427
40429
40430
40431
40432
40436
40440
40444
40445
40448
40449
40450
40452
40463
40465
40477
40478
40481
40484
40485
40491
40504
40507
40509
40510
40519
40524
40525
40528
40535
40537
40542
40547
40548
40551
40562
40573
40574
40586
40587
40589
40592
40600
40601
40602
40603
40604
40606
40607
40608
40609
40616
40621
40622
40623
40625
40626
40627
40628
40629
40634
40636
40638
40639
40643
40644
40645
40646
40653
40665
40668
40678
40679
40687
40688
40690
40693
40697
40698
40699
40709
40714
40715
40719
40720
40724
40731
40736
40737
40738
40740
40741
40744
40746
40747
40748
40749
40753
40754
40755
40756
40757
40758
40759
40760
40761
40762
40763
40765
40769
40773
40774
40775
40776
40778
40781
40783
40786
40789
40793
40796
40804
40805
40808
40832
40833
40838
40844
40845
40849
40857
40858
40860
40861
40862
40866
40867
40878
40879
40880
40881
40882
40884
40890
40892
40896
40901
40912
40920
40921
40925
40932
40935
40937
40942
40944
40945
40951
40955
40963
40964
40973
40975
40978
40982
40985
40986
40988
40989
40992
40993
40994
40996
40997
40999
41007
41008
41009
41011
41015
41017
41022
41025
41026
41027
41029
41032
41035
41036
41037
41039
41043
41044
41052
41056
41057
41059
41061
41069
41071
41075
41077
41079
41080
41082
41087
41090
41095
41100
41102
41103
41105
41110
41112
41113
41126
41131
41137
41147
41149
41150
41156
41158
41163
41164
41170
41172
41184
41192
41195
41196
41199
41201
41202
41217
41221
41229
41231
41233
41236
41238
41239
41246
41248
41249
41250
41265
41266
41273
41276
41279
41281
41288
41292
41296
41303
41307
41313
41315
41316
41317
41318
41323
41331
41332
41334
41342
41346
41350
41352
41353
41354
41356
41363
41364
41365
41373
41374
41375
41376
41377
41381
41387
41388
41395
41397
41401
41413
41415
41416
41417
41418
41420
41422
41439
41449
41450
41455
41456
41465
41466
41474
41499
41506
41511
41514
41523
41524
41526
41527
41530
41531
41536
41537
41544
41549
41550
41559
41561
41564
41567
41568
41572
41579
41582
41583
41586
41587
41589
41595
41598
41602
41609
41616
41618
41619
41632
41636
41637
41642
41643
41644
41646
41648
41651
41653
41655
41656
41658
41661
41662
41663
41664
41666
41677
41678
41680
41682
41683
41703
41708
41709
41710
41716
41731
41735
41741
41743
41749
41752
41754
41762
41766
41769
41770
41771
41772
41773
41784
41785
41792
41796
41797
41798
41800
41801
41803
41804
41805
41812
41813
41814
41815
41816
41820
41821
41825
41826
41831
41832
41835
41836
41837
41845
41846
41847
41850
41861
41877
41878
41893
41899
41900
41901
41905
41911
41913
41914
41915
41926
41944
41951
41961
41962
41964
41971
41973
41978
41982
41990
41992
42008
42013
42019
42024
42029
42034
42035
42039
42040
42041
42044
42047
42050
42056
42058
42069
42075
42077
42087
42094
42111
42112
42116
42125
42127
42132
42140
42150
42166
42180
42181
42184
42191
42192
42209
42210
42216
42218
42220
42226
42229
42233
42237
42241
42246
42251
42255
42256
42257
42258
42259
42260
42267
42271
42282
42284
42287
42290
42291
42293
42298
42301
42302
42304
42306
42323
42324
42340
42351
42353
42360
42361
42362
42364
42374
42375
42384
42385
42386
42387
42389
42394
42397
42404
42409
42421
42423
42427
42444
42458
42463
42467
42468
42470
42483
42496
42505
42507
42508
42516
42519
42521
42523
42529
42531
42534
42541
42542
42544
42550
42555
42563
42564
42569
42572
42577
42578
42579
42582
42583
42585
42590
42591
42600
42601
42602
42608
42610
42611
42622
42626
42629
42633
42640
42643
42644
42652
42668
42672
42673
42680
42688
42689
42690
42693
42698
42699
42701
42704
42705
42709
42716
42722
42726
42736
42737
42739
42753
42758
42760
42762
42767
42769
42778
42779
42785
42787
42788
42797
42800
42807
42809
42814
42824
42829
42830
42846
42847
42853
42854
42855
42860
42861
42862
42870
42871
42873
42874
42880
42882
42886
42897
42899
42904
42907
42914
42917
42920
42923
42931
42938
42941
42948
42955
42958
42959
42964
42967
42980
42985
42989
43003
43018
43019
43020
43022
43023
43025
43028
43029
43032
43033
43037
43047
43048
43049
43058
43059
43060
43068
43071
43073
43074
43078
43081
43082
43086
43087
43089
43091
43093
43096
43105
43106
43107
43111
43117
43118
43119
43120
43121
43122
43131
43133
43138
43139
43140
43141
43144
43146
43153
43154
43157
43164
43166
43171
43173
43176
43179
43186
43192
43195
43199
43201
43202
43203
43205
43209
43210
43214
43215
43217
43229
43232
43233
43234
43235
43239
43241
43243
43244
43245
43247
43249
43250
43261
43267
43275
43279
43280
43284
43285
43293
43308
43313
43320
43323
43330
43335
43356
43361
43362
43366
43367
43378
43380
43382
43386
43389
43392
43395
43398
43400
43402
43406
43408
43411
43412
43413
43420
43423
43431
43432
43438
43446
43449
43451
43458
43465
43473
43475
43482
43487
43490
43494
43495
43504
43505
43509
43515
43524
43525
43529
43533
43543
43546
43548
43552
43553
43559
43563
43573
43584
43589
43590
43591
43592
43599
43601
43602
43607
43610
43616
43621
43622
43625
43626
43627
43628
43629
43630
43634
43635
43639
43641
43642
43646
43648
43668
43672
43691
43694
43699
43700
43701
43702
43716
43722
43728
43732
43734
43738
43739
43740
43752
43755
43760
43762
43766
43779
43781
43782
43783
43792
43794
43795
43799
43800
43801
43822
43824
43825
43831
43838
43843
43844
43845
43848
43853
43858
43859
43866
43867
43868
43869
43870
43871
43872
43886
43887
43889
43891
43892
43901
43903
43910
43928
43929
43932
43936
43939
43951
43953
43954
43962
43964
43966
43977
43981
43982
43988
43990
43991
43997
43998
43999
44012
44014
44018
44027
44028
44038
44040
44050
44051
44052
44053
44054
44055
44056
44062
44073
44074
44076
44077
44085
44086
44091
44093
44102
44104
44110
44112
44115
44116
44121
44122
44126
44128
44136
44138
44142
44148
44149
44150
44159
44164
44166
44167
44170
44186
44193
44199
44204
44205
44206
44213
44214
44215
44219
44220
44222
44223
44229
44232
44233
44235
44243
44252
44258
44259
44260
44265
44266
44271
44273
44276
44282
44283
44286
44293
44294
44296
44297
44303
44309
44311
44313
44314
44315
44319
44323
44328
44329
44331
44333
44334
44335
44338
44342
44347
44348
44352
44357
44359
44361
44363
44368
44369
44373
44377
44380
44381
44385
44387
44391
44392
44393
44396
44399
44405
44406
44407
44413
44416
44417
44419
44430
44431
44432
44433
44436
44439
44441
44444
44450
44452
44454
44457
44458
44461
44462
44467
44468
44470
44472
44473
44478
44480
44482
44483
44486
44488
44493
44499
44501
44509
44512
44515
44520
44523
44524
44527
44528
44533
44534
44535
44539
44541
44542
44548
44559
44560
44561
44562
44564
44565
44566
44567
44569
44574
44575
44586
44589
44591
44593
44594
44597
44608
44609
44611
44613
44615
44617
44625
44626
44631
44632
44633
44637
44639
44640
44643
44651
44663
44664
44668
44669
44670
44675
44680
44688
44689
44692
44694
44700
44702
44705
44706
44707
44709
44713
44717
44718
44720
44722
44724
44732
44740
44741
44744
44745
44747
44748
44750
44751
44759
44761
44762
44764
44766
44771
44772
44773
44774
44776
44781
44789
44790
44794
44796
44802
44803
44804
44806
44807
44812
44815
44816
44819
44820
44822
44824
44830
44831
44838
44843
44844
44845
44846
44847
44850
44854
44856
44859
44860
44861
44862
44870
44883
44885
44891
44893
44895
44897
44900
44901
44903
44904
44910
44915
44916
44917
44927
44937
44943
44945
44946
44953
44954
44955
44958
44960
44963
44964
44968
44969
44971
44972
44974
44975
44976
44982
44985
44992
44993
44994
44995
45004
45009
45022
45024
45028
45029
45035
45036
45042
45043
45044
45045
45048
45049
45052
45053
45057
45068
45077
45091
45092
45093
45094
45099
45102
45111
45113
45116
45123
45129
45143
45149
45151
45154
45166
45169
45172
45174
45176
45184
45185
45189
45192
45196
45205
45208
45232
45233
45237
45240
45246
45248
45249
45252
45253
45261
45263
45266
45267
45271
45272
45276
45281
45287
45288
45295
45301
45303
45306
45312
45316
45320
45323
45324
45325
45327
45330
45335
45339
45340
45348
45354
45356
45357
45361
45366
45367
45368
45370
45374
45375
45376
45377
45381
45383
45384
45393
45402
45403
45410
45412
45420
45423
45434
45435
45436
45438
45439
45443
45452
45454
45455
45456
45460
45461
45462
45464
45466
45467
45469
45470
45472
45481
45497
45498
45503
45504
45506
45507
45508
45509
45510
45512
45514
45519
45520
45523
45524
45526
45531
45532
45533
45538
45539
45550
45553
45555
45558
45561
45566
45573
45574
45575
45581
45582
45583
45584
45598
45606
45611
45615
45618
45619
45620
45621
45624
45626
45632
45640
45643
45644
45645
45647
45656
45660
45665
45666
45667
45668
45669
45670
45673
45674
45676
45685
45688
45690
45697
45711
45717
45719
45722
45725
45731
45733
45736
45737
45741
45743
45747
45748
45749
45768
45769
45771
45777
45780
45785
45786
45789
45791
45792
45794
45803
45807
45808
45810
45811
45813
45817
45824
45825
45826
45827
45828
45832
45838
45841
45843
45844
45849
45851
45856
45857
45859
45867
45868
45870
45873
45874
45880
45881
45882
45887
45888
45889
45891
45893
45896
45898
45899
45913
45914
45918
45923
45927
45939
45940
45942
45948
45955
45957
45959
45960
45962
45967
45974
45977
45978
45989
45990
45991
45992
45998
46001
46007
46011
46029
46035
46042
46051
46058
46059
46061
46062
46067
46068
46071
46073
46074
46087
46090
46091
46092
46099
46100
46101
46104
46106
46111
46122
46123
46125
46126
46128
46130
46131
46138
46141
46146
46153
46155
46161
46164
46165
46173
46178
46190
46191
46192
46196
46197
46198
46200
46205
46208
46209
46210
46212
46216
46218
46220
46221
46224
46227
46230
46231
46233
46235
46236
46243
46248
46253
46254
46265
46266
46269
46272
46273
46274
46280
46287
46292
46293
46298
46303
46306
46307
46308
46310
46311
46312
46313
46314
46315
46321
46324
46329
46330
46338
46341
46342
46343
46348
46349
46352
46355
46364
46370
46371
46372
46373
46380
46383
46386
46387
46388
46390
46391
46393
46394
46395
46398
46400
46401
46405
46411
46413
46420
46421
46424
46425
46426
46429
46430
46431
46435
46440
46441
46442
46458
46467
46473
46489
46492
46493
46497
46498
46499
46505
46509
46512
46513
46514
46520
46524
46525
46529
46535
46542
46544
46548
46552
46553
46555
46557
46558
46559
46562
46564
46568
46572
46574
46575
46585
46589
46592
46595
46596
46598
46600
46604
46610
46611
46612
46613
46614
46615
46620
46624
46630
46631
46633
46635
46638
46640
46642
46644
46645
46646
46654
46655
46656
46658
46664
46667
46668
46674
46675
46681
46686
46687
46690
46691
46703
46704
46706
46711
46712
46713
46716
46717
46719
46724
46729
46730
46731
46733
46735
46737
46746
46752
46753
46758
46759
46764
46769
46770
46771
46772
46773
46774
46775
46776
46777
46778
46780
46782
46783
46784
46793
46795
46802
46810
46814
46816
46820
46825
46826
46828
46829
46838
46839
46840
46847
46848
46849
46851
46852
46855
46858
46861
46863
46864
46866
46867
46869
46870
46875
46879
46885
46886
46887
46888
46889
46893
46896
46898
46907
46910
46912
46916
46917
46918
46919
46920
46921
46924
46929
46932
46934
46935
46940
46941
46944
46948
46950
46954
46955
46958
46959
46960
46963
46965
46968
46969
46972
46974
46976
46982
46984
46986
46991
46995
46998
47001
47007
47008
47009
47017
47018
47019
47020
47026
47032
47033
47036
47052
47070
47072
47073
47077
47078
47079
47089
47091
47093
47096
47098
47099
47104
47105
47106
47108
47115
47117
47118
47128
47129
47130
47131
47133
47136
47137
47138
47142
47149
47150
47153
47158
47159
47165
47166
47168
47171
47189
47190
47199
47201
47208
47214
47217
47222
47228
47236
47240
47242
47246
47253
47255
47256
47257
47258
47262
47270
47272
47278
47279
47280
47281
47282
47288
47290
47291
47294
47296
47302
47304
47311
47313
47317
47319
47324
47326
47327
47328
47336
47340
47342
47344
47347
47348
47349
47351
47367
47368
47386
47388
47389
47395
47396
47401
47409
47410
47415
47417
47420
47425
47428
47429
47433
47434
47439
47440
47441
47449
47450
47455
47456
47461
47466
47473
47477
47478
47481
47482
47489
47490
47491
47494
47495
47497
47498
47500
47501
47504
47509
47520
47521
47525
47526
47534
47535
47536
47541
47542
47544
47546
47551
47553
47565
47566
47568
47569
47570
47577
47583
47589
47592
47594
47595
47597
47599
47604
47606
47610
47615
47616
47623
47624
47626
47645
47646
47653
47655
47660
47671
47672
47679
47685
47687
47693
47698
47700
47703
47705
47712
47714
47719
47729
47731
47736
47737
47739
47744
47754
47756
47760
47764
47765
47769
47774
47779
47786
47791
47808
47812
47813
47814
47816
47818
47821
47844
47851
47853
47856
47857
47859
47860
47863
47864
47872
47873
47888
47892
47899
47907
47909
47913
47919
47920
47925
47926
47935
47936
47938
47942
47946
47954
47955
47956
47958
47959
47961
47971
47974
47975
47976
47981
47983
47993
47995
47998
47999
48003
48007
48011
48015
48021
48022
48026
48029
48035
48052
48054
48055
48056
48057
48058
48061
48062
48065
48066
48067
48069
48074
48078
48079
48080
48082
48083
48087
48098
48099
48104
48105
48106
48124
48125
48139
48144
48148
48149
48151
48157
48160
48163
48164
48165
48166
48169
48189
48190
48191
48192
48195
48197
48198
48199
48205
48211
48212
48214
48220
48224
48231
48236
48239
48243
48245
48249
48250
48256
48263
48264
48266
48267
48268
48269
48272
48273
48274
48277
48283
48284
48286
48287
48296
48297
48300
48301
48304
48314
48324
48329
48330
48332
48341
48346
48360
48364
48373
48376
48385
48391
48394
48395
48399
48401
48403
48412
48414
48418
48419
48426
48429
48432
48439
48446
48448
48455
48456
48458
48460
48463
48465
48479
48480
48483
48487
48488
48496
48497
48500
48502
48507
48511
48512
48515
48519
48520
48522
48535
48537
48539
48544
48546
48547
48549
48556
48563
48564
48566
48567
48570
48574
48579
48586
48588
48591
48594
48597
48598
48599
48604
48611
48616
48618
48621
48623
48628
48630
48634
48639
48648
48650
48653
48654
48656
48658
48659
48663
48668
48670
48678
48680
48682
48683
48684
48688
48690
48692
48693
48695
48702
48703
48704
48710
48716
48717
48718
48719
48721
48722
48724
48726
48744
48745
48748
48752
48762
48763
48764
48765
48772
48773
48778
48788
48790
48792
48796
48799
48800
48801
48802
48803
48804
48805
48806
48810
48811
48812
48813
48815
48817
48820
48824
48825
48830
48831
48832
48833
48834
48835
48841
48849
48850
48852
48853
48857
48858
48863
48864
48868
48869
48877
48880
48890
48898
48899
48900
48902
48904
48910
48911
48915
48916
48922
48924
48945
48954
48958
48959
48960
48961
48962
48964
48965
48984
48985
48988
48991
48998
49003
49006
49007
49015
49016
49036
49038
49050
49051
49052
49059
49063
49065
49067
49073
49074
49082
49087
49088
49092
49094
49097
49101
49107
49109
49110
49111
49121
49123
49133
49135
49136
49139
49140
49142
49143
49145
49146
49147
49150
00277
00495
00975
01001
01015
01041
01078
01360
01476
01505
01542
01985
03046
03660
04079
04432
04590
04593
04798
05569
06223
06647
06835
06857
07021
07023
07333
07360
08312
08313
09436
09760
09995
10001
11093
11385
12002
12733
12734
12735
12736
13177
13951
15132
15556
15557
15681
15708
15940
16668
16788
17267
18093
18383
18849
19018
19263
19289
19290
19482
20144
20440
20441
20644
22950
23334
23888
24098
24159
24298
25212
25359
25999
26430
27938
28302
29309
29328
30362
30799
31080
31081
31544
32601
33255
33578
33872
35311
35320
36749
38475
38788
38987
39022
39577
39633
40846
43072
43606
44226
44287
44460
44550
44579
44752
45066
45511
45708
46672
46702
46800
47087
47329
47421
47590
48235
48321
48339
