00277 3.177
17267 2.011
26349 1.028
24622 2.002
40303 2.254
48339 2.431
25359 1.333
46850 7.128
19289 1.335
33186 1.785
00590 1.513
19012 2.747
38362 1.652
41734 2.281
44480 1.334
45903 1.288
04198 1.291
38762 1.057
45530 3.399
04590 1.490
34137 2.392
25087 1.264
24956 2.490
01461 1.093
37907 2.298
48235 1.532
11093 1.321
44458 3.819
44460 5.222
44451 5.058
26842 1.525
21290 1.073
04653 1.146
12736 1.197
45665 3.774
37245 1.080
01388 1.467
04432 1.041
07023 1.080
21720 1.185
35320 1.027
46672 1.911
29521 1.429
20483 3.502
42836 1.126
44752 1.172
20441 2.641
01990 2.275
18849 1.399
29599 1.156
18676 1.413
07068 1.879
20440 1.059
20644 1.489
16742 1.535
12918 1.158
20482 3.506
44550 1.539
44287 1.214
19011 1.464
19018 2.006
31818 1.106
48671 1.763
32601 1.171
00353 1.265
45134 2.170
17342 1.383
01015 1.520
04593 1.246
30799 1.010
33578 1.541
28302 1.730
41707 2.135
45708 1.136
38562 1.207
39481 1.059
23334 1.621
25491 1.913
43072 1.301
34118 1.242
42395 1.763
25632 1.495
19290 2.957
37933 2.711
46702 1.341
45946 1.199
01985 3.384
18093 2.041
24660 3.674
12735 1.230
25947 1.012
29328 1.449
24659 3.772
25127 1.075
41465 1.471
48321 1.170
12734 1.807
