00277 2.243
17267 1.719
48339 2.716
36749 1.185
25359 0.880
19289 1.448
38362 0.556
41734 0.677
45903 1.568
04590 0.881
48235 2.314
11093 1.485
44460 1.202
21290 1.203
12736 1.187
04432 1.130
07023 1.160
35320 1.110
46672 1.789
44752 1.274
20441 2.837
18849 1.039
20440 1.122
20644 0.638
44550 0.632
44287 3.584
31818 0.636
48671 0.635
32601 0.806
01015 1.611
04593 0.910
30799 1.103
33578 0.581
28302 1.809
45708 1.328
38562 1.140
23334 1.029
06647 0.547
47087 1.418
19290 3.135
46702 1.106
01985 1.211
18093 1.113
12735 0.741
29328 1.558
48321 1.265
12734 1.198
